116.348876,40.004269,0
116.318023,40.017523,0
116.32366,39.988925,0
116.302004,40.030457,0
116.370869,40.040309,0
116.368106,40.067226,0
116.312413,39.99114,0
116.307901,39.980335,0
116.381424,40.018149,0
116.360207,40.005851,0
116.393346,39.996567,0
116.337795,39.977523,0
116.410977,40.186714,0
116.39477,40.137009,0
116.347539,39.992748,0
116.256547,40.123227,0
116.353079,40.011806,0
116.318287,40.042492,0
116.246502,40.052479,0
116.336021,40.060642,0
116.297464,40.045216,0
116.347955,39.972628,0
116.277621,40.014767,0
116.322123,39.997986,0
116.387868,39.985142,0
116.378048,39.973531,0
116.368813,40.019222,0
116.396923,39.999313,0
116.321712,39.97612,0
116.324353,40.043416,0
116.320543,40.038773,0
116.333702,39.999174,0
116.309685,40.082063,0
116.384004,40.009648,0
116.333027,40.081774,0
116.319874,39.989675,0
116.351931,39.98343,0
116.400664,40.11929,0
116.335572,40.060642,0
116.281186,40.027311,0
116.38712,39.978804,0
116.360934,40.006729,0
116.315053,40.06149,0
116.396533,40.005049,0
116.347237,40.018244,0
116.278949,40.036699,0
116.322977,39.988332,0
116.357987,40.030705,0
116.270531,40.144216,0
116.315409,40.095456,0
116.289529,40.028743,0
116.34006,39.988428,0
116.285669,40.027598,0
116.376476,40.007625,0
116.322918,39.991372,0
116.239678,40.033162,0
116.355365,39.974309,0
116.338754,39.981665,0
116.246173,40.06684,0
116.331749,39.981828,0
116.373769,40.001137,0
116.36308,40.050397,0
116.327324,39.976247,0
116.287714,40.022519,0
116.388365,39.979875,0
116.206523,40.100031,0
116.322521,39.984463,0
116.324211,39.988973,0
116.368325,40.067879,0
116.328657,40.094249,0
116.329794,40.041463,0
116.316538,39.990357,0
116.274427,40.152051,0
116.257928,40.071802,0
116.392897,39.999902,0
116.340973,39.998193,0
116.328876,39.979749,0
116.317978,39.99243,0
116.339119,39.999194,0
116.379218,39.991493,0
116.394511,39.99044,0
116.343703,39.971716,0
116.375463,40.041427,0
116.354744,39.982787,0
116.409802,40.134547,0
116.301663,40.040509,0
116.338644,40.08243,0
116.40235,40.109788,0
116.326343,40.080157,0
116.373995,39.99984,0
116.39701,40.008133,0
116.334222,39.986099,0
116.344241,40.052647,0
116.310964,39.990286,0
116.375851,39.985993,0
116.39438,39.988829,0
116.310883,40.003217,0
116.377006,40.016732,0
116.378279,40.007525,0
116.347345,40.087955,0
116.353161,40.072607,0
116.383996,39.979638,0
116.284211,40.020594,0
116.316167,39.997753,0
116.344277,39.99092,0
116.370924,40.038352,0
116.386351,39.981031,0
116.324158,39.981779,0
116.353246,40.035983,0
116.364394,39.999513,0
116.388601,39.979222,0
116.32363,40.070769,0
116.391264,39.990131,0
116.352454,40.026287,0
116.388229,40.000368,0
116.31233,39.985611,0
116.355036,39.980368,0
116.311989,39.988518,0
116.321949,39.984428,0
116.339843,40.036469,0
116.324646,40.018559,0
116.320201,39.988725,0
116.2986,40.106686,0
116.32327,39.997486,0
116.325426,40.062697,0
116.226477,40.124017,0
116.324331,39.980446,0
116.292892,40.02184,0
116.400732,40.029943,0
116.332052,39.984083,0
116.332336,39.98919,0
116.346009,39.999168,0
116.377033,40.008114,0
116.341663,39.973156,0
116.223776,40.045353,0
116.322895,39.985702,0
116.380616,40.107576,0
116.334663,40.068542,0
116.2675,40.05182,0
116.311447,39.993398,0
116.387548,39.986671,0
116.288218,40.040233,0
116.386126,39.983003,0
116.349452,39.98127,0
116.37615,39.973826,0
116.32823,40.075887,0
116.394458,40.007898,0
116.321498,39.987488,0
116.345748,39.98096,0
116.350174,40.006742,0
116.3232,39.989299,0
116.393207,39.995075,0
116.387017,40.015307,0
116.32201,39.982844,0
116.353975,40.066311,0
116.321306,40.041169,0
116.298572,40.000207,0
116.350084,40.036149,0
116.377236,40.086764,0
116.315098,39.985793,0
116.336764,40.114363,0
116.358152,40.006083,0
116.373011,39.999452,0
116.302635,40.05839,0
116.312413,39.989067,0
116.345664,40.008907,0
116.376135,39.979347,0
116.327321,40.173942,0
116.318836,39.986678,0
116.353498,39.987586,0
116.376042,39.993267,0
116.377918,40.108262,0
116.31233,40.043479,0
116.275944,40.041983,0
116.323099,39.993179,0
116.323338,40.155101,0
116.335468,39.972728,0
116.337719,39.978962,0
116.34177,39.982208,0
116.322136,39.998016,0
116.367711,40.018576,0
116.307901,40.050162,0
116.384521,40.015706,0
116.3536,40.07169,0
116.328199,39.982547,0
116.263596,40.127332,0
116.364037,40.010721,0
116.339841,39.991719,0
116.384655,40.068931,0
116.355312,40.011822,0
116.329699,40.078466,0
116.343317,39.998843,0
116.31704,40.056217,0
116.229043,39.998272,0
116.299749,40.05569,0
116.364217,40.020871,0
116.360046,39.981959,0
116.376284,40.0122,0
116.383974,39.995728,0
116.38618,40.008173,0
116.345893,40.008983,0
116.361038,40.01425,0
116.30799,40.058692,0
116.344027,39.998407,0
116.300619,40.002049,0
116.313024,39.985308,0
116.343032,40.001932,0
116.376565,39.971143,0
116.358675,39.991355,0
116.355237,39.996432,0
116.352928,39.982385,0
116.328732,40.073586,0
116.319513,39.985642,0
116.345869,39.998338,0
116.298399,40.043196,0
116.331662,40.082231,0
116.32211,40.008025,0
116.387897,39.983002,0
116.377559,39.984895,0
116.240404,39.983193,0
116.37492,40.011738,0
116.325681,40.081788,0
116.328902,39.975884,0
116.320184,40.0358,0
116.352648,39.982382,0
116.252987,40.127856,0
116.375128,40.015387,0
116.35511,40.013358,0
116.349051,39.980905,0
116.315372,39.990527,0
116.322565,39.999908,0
116.375938,40.010515,0
116.329609,39.981415,0
116.312841,40.079664,0
116.320632,40.029584,0
116.363763,39.989539,0
116.332899,40.09417,0
116.33917,39.999344,0
116.352933,40.037006,0
116.256448,40.116294,0
116.335448,40.000055,0
116.413416,40.186677,0
116.380604,40.036492,0
116.316533,40.033117,0
116.341507,40.002987,0
116.349994,39.971418,0
116.327246,40.048799,0
116.332043,39.986765,0
116.345524,40.018533,0
116.336381,39.974423,0
116.290794,40.057763,0
116.348729,40.016699,0
116.380791,40.008684,0
116.312218,39.983353,0
116.316102,40.044351,0
116.351101,40.009585,0
116.358984,40.017523,0
116.315838,39.979296,0
116.359926,40.021894,0
116.296557,40.155568,0
116.240916,40.072639,0
116.382568,39.999336,0
116.386706,40.004934,0
116.367732,40.03679,0
116.295802,40.111053,0
116.35492,40.014047,0
116.317594,39.987186,0
116.288827,40.096622,0
116.340463,39.975402,0
116.340948,40.06365,0
116.313582,39.976746,0
116.378715,40.011011,0
116.26147,40.054984,0
116.312618,40.052598,0
116.385683,39.997499,0
116.332693,39.984015,0
116.393271,39.983485,0
116.356373,39.989912,0
116.394202,40.001416,0
116.303765,39.979332,0
116.35089,40.017847,0
116.273497,40.087142,0
116.313074,40.047748,0
116.333127,40.037706,0
116.391584,39.994602,0
116.321283,39.991004,0
116.381486,39.988147,0
116.311648,40.012385,0
116.25314,40.073535,0
116.321451,39.990149,0
116.387837,39.982982,0
116.328317,40.002695,0
116.382609,40.02879,0
116.344304,39.977613,0
116.360186,40.007351,0
116.341121,40.041601,0
116.340613,39.993715,0
116.371649,40.116508,0
116.317976,40.034767,0
116.327311,39.986396,0
116.312139,39.986415,0
116.316054,39.987695,0
116.300711,40.027105,0
116.235854,40.109387,0
116.28388,40.074792,0
116.341917,40.085722,0
116.312694,39.989005,0
116.298683,39.999506,0
116.321163,40.079624,0
116.283027,40.008812,0
116.286483,40.153117,0
116.326187,39.975525,0
116.393892,39.987073,0
116.288875,40.011091,0
116.361169,39.977911,0
116.306848,40.058708,0
116.311976,39.993437,0
116.339821,40.003321,0
116.36598,39.987602,0
116.356436,40.086326,0
116.3924,39.993626,0
116.310733,39.99892,0
116.321769,40.005832,0
116.396754,39.993402,0
116.378982,40.001724,0
116.311951,39.990434,0
116.294215,39.983175,0
116.32993,40.063979,0
116.359991,39.992668,0
116.312915,39.987911,0
116.366751,40.025638,0
116.375724,39.974959,0
116.192907,40.07463,0
116.31621,40.105683,0
116.34655,39.997346,0
116.378114,39.975171,0
116.3005,39.999785,0
116.300087,40.000981,0
116.32958,39.983612,0
116.35645,39.973449,0
116.354927,39.99909,0
116.329657,39.978495,0
116.35859,40.011142,0
116.375132,40.023026,0
116.34994,40.06204,0
116.352051,40.00662,0
116.24758,39.984637,0
116.315804,40.047813,0
116.359385,39.97811,0
116.388219,40.000539,0
116.304939,40.071672,0
116.262809,40.083046,0
116.366133,40.036375,0
116.385892,39.993593,0
116.375629,40.011508,0
116.3654,40.073722,0
116.301738,39.979197,0
116.340723,39.992714,0
116.31747,39.981647,0
116.27479,39.998603,0
116.318471,39.989629,0
116.845698,40.380775,1
116.846713,40.392745,1
116.835651,40.382919,1
116.903283,40.371244,1
116.843021,40.367678,1
117.091152,40.149492,1
116.83408,40.382146,1
116.865132,40.3932,1
116.804724,40.742016,1
116.638176,40.298522,1
116.643503,40.25254,1
116.864869,40.38587,1
117.116582,40.149285,1
116.696075,40.394119,1
116.638186,40.321977,1
116.844347,40.379262,1
116.849977,40.395052,1
117.117882,40.147984,1
116.857371,40.389855,1
116.829217,40.385334,1
116.671494,40.211742,1
117.163465,40.25284,1
116.852619,40.38122,1
116.39345,39.849073,2
116.359532,39.870914,2
116.421377,39.848448,2
116.351876,39.814047,2
116.424182,39.807113,2
116.37539,39.871655,2
116.351686,39.816997,2
116.425195,39.65279,2
116.394871,39.856191,2
116.346371,39.82736,2
116.359576,39.864511,2
116.384122,39.872123,2
116.34461,39.809402,2
116.351876,39.808505,2
116.295229,39.829947,2
116.336451,39.853872,2
116.302662,39.843166,2
116.329646,39.737673,2
116.392761,39.858137,2
116.334869,39.853742,2
116.351557,39.788328,2
116.393229,39.861972,2
116.409233,39.858039,2
116.429029,39.80674,2
116.401721,39.847355,2
116.330142,39.684497,2
116.421738,39.847603,2
116.29369,39.816757,2
116.351656,39.855876,2
116.349535,39.853178,2
116.425493,39.809267,2
116.309461,39.839493,2
116.432989,39.846754,2
116.392286,39.850459,2
116.393238,39.846359,2
116.293246,39.796203,2
116.394836,39.86317,2
116.372522,39.866863,2
116.380145,39.870833,2
116.351876,39.811276,2
116.416201,39.828078,2
116.387305,39.852866,2
116.362679,39.875393,2
116.407402,39.858853,2
116.413873,39.850063,2
116.326306,39.750196,2
116.400366,39.860512,2
116.369589,39.874596,2
116.346599,39.730612,2
116.323243,39.848291,2
116.383692,39.866545,2
116.314145,39.845592,2
116.310518,39.799436,2
116.330774,39.672522,2
116.383536,39.874283,2
116.406294,39.812217,2
116.349179,39.817288,2
116.28275,39.766813,2
116.382465,39.859222,2
116.344597,39.799878,2
116.375599,39.770658,2
116.401399,39.85166,2
116.471731,39.729212,2
116.348075,39.841921,2
116.428384,39.848793,2
116.391434,39.863264,2
116.423201,39.723251,2
116.297813,39.848619,2
116.320114,39.858159,2
116.338173,39.791013,2
116.332213,39.778839,2
116.335335,39.85524,2
116.397499,39.864072,2
116.443293,39.770917,2
116.343823,39.760841,2
116.34434,39.770695,2
116.407778,39.831934,2
116.437992,39.812618,2
116.393304,39.864301,2
116.375038,39.877889,2
116.393079,39.850328,2
116.376253,39.837153,2
116.33126,39.669104,2
116.39306,39.846591,2
116.33501,39.793891,2
116.430897,39.836997,2
116.301291,39.785043,2
116.393439,39.838029,2
116.364094,39.851939,2
116.427545,39.843745,2
116.331402,39.677492,2
116.358484,39.830562,2
116.407698,39.84137,2
116.29331,39.837223,2
116.288678,39.72795,2
116.348319,39.785252,2
116.400917,39.810899,2
116.352776,39.74126,2
116.319461,39.838774,2
116.326846,39.850413,2
116.34135,39.758305,2
116.401859,39.860501,2
116.295413,39.835347,2
116.349463,39.76875,2
116.425999,39.836998,2
116.336961,39.83041,2
116.433252,39.807454,2
116.377477,39.848919,2
116.295616,39.822483,2
116.362798,39.876876,2
116.352693,39.736011,2
116.440234,39.784663,2
116.345636,39.747387,2
116.296876,39.800802,2
116.393408,39.858926,2
116.317936,39.76293,2
116.339349,39.869072,2
116.336524,39.737192,2
116.332579,39.684622,2
116.408045,39.848906,2
116.350021,39.792054,2
116.314123,39.799479,2
116.288047,39.830753,2
116.439338,39.821786,2
116.373941,39.828438,2
116.295011,39.844918,2
116.421108,39.853231,2
116.36498,39.743415,2
116.405705,39.851291,2
116.319884,39.770514,2
116.377657,39.852308,2
116.371107,39.865519,2
116.302117,39.825906,2
116.349956,39.834655,2
116.409143,39.812421,2
116.345889,39.796338,2
116.335621,39.835734,2
116.319641,39.83662,2
116.434381,39.805883,2
116.369886,39.802646,2
116.430425,39.809012,2
116.319641,39.836593,2
116.427609,39.815411,2
116.357147,39.840451,2
116.346076,39.732674,2
116.343246,39.776979,2
116.3312,39.762936,2
116.413295,39.831392,2
116.327093,39.857001,2
116.387672,39.868262,2
116.309792,39.769818,2
116.366103,39.795955,2
116.291989,39.842254,2
116.404346,39.862952,2
116.393391,39.863287,2
116.406603,39.838587,2
116.351024,39.72376,2
116.400502,39.865168,2
116.298277,39.850024,2
116.385933,39.85665,2
116.403531,39.797572,2
116.31923,39.858188,2
116.346897,39.796866,2
116.408963,39.85885,2
116.389272,39.856277,2
116.402428,39.863417,2
116.3331,39.797561,2
116.346797,39.763387,2
116.401473,39.808871,2
116.40159,39.85185,2
116.37526,39.809412,2
116.394442,39.855902,2
116.357112,39.796029,2
116.34388,39.763576,2
116.405039,39.813491,2
116.369356,39.87475,2
116.352437,39.805712,2
116.347627,39.832147,2
116.419284,39.800028,2
116.288948,39.562341,2
116.351891,39.790053,2
116.351594,39.751049,2
116.396765,39.85736,2
116.392952,39.869801,2
116.379042,39.870813,2
116.350816,39.855372,2
116.40616,39.856853,2
116.370128,39.878261,2
116.389463,39.87194,2
116.315995,39.705307,2
116.341449,39.770388,2
116.296238,39.784054,2
116.424774,39.810464,2
116.382798,39.853576,2
116.440311,39.78808,2
116.354899,39.795809,2
116.370331,39.851735,2
116.323276,39.863916,2
116.400393,39.861173,2
116.40498,39.834245,2
116.389571,39.867317,2
116.380971,39.876438,2
116.35236,39.763379,2
116.358446,39.873802,2
116.302864,39.848558,2
116.375132,39.861009,2
116.365855,39.847455,2
116.384031,39.862863,2
116.292916,39.844747,2
116.333017,39.851606,2
116.295781,39.842296,2
116.278408,39.843148,2
116.365823,39.87347,2
116.300472,39.785699,2
116.295618,39.85012,2
116.384639,39.870538,2
116.35191,39.828399,2
116.402141,39.84425,2
116.364649,39.872062,2
116.347692,39.771466,2
116.398101,39.857381,2
116.35191,39.827706,2
116.367656,39.823778,2
116.320225,39.83748,2
116.307635,39.832881,2
116.329475,39.846422,2
116.465933,39.805475,3
116.550599,39.769151,3
116.484888,39.877726,3
116.443651,39.846574,3
116.553563,39.934067,3
116.462202,39.899632,3
116.453212,39.878773,3
116.498867,39.914212,3
116.52204,39.801896,3
116.471857,39.891817,3
116.465885,39.899507,3
116.466028,39.872417,3
116.477848,39.917095,3
116.469371,39.889996,3
116.499271,39.918457,3
116.559701,39.925024,3
116.523563,39.93203,3
116.462672,39.888983,3
116.523409,39.921178,3
116.483527,39.833909,3
116.471626,39.894586,3
116.518941,39.869485,3
116.461482,39.894692,3
116.455033,39.840251,3
116.513896,39.937181,3
116.528247,39.921693,3
116.484426,39.91104,3
116.476824,39.90448,3
116.454909,39.811898,3
116.476358,39.88988,3
116.513769,39.903167,3
116.478513,39.914934,3
116.537461,39.921065,3
116.501637,39.87411,3
116.589201,39.813013,3
116.467564,39.900933,3
116.517574,39.91609,3
116.503072,39.913766,3
116.453708,39.863183,3
116.470187,39.863618,3
116.484242,39.90624,3
116.48237,39.886301,3
116.507507,39.799739,3
116.489971,39.934076,3
116.524098,39.929639,3
116.473195,39.939975,3
116.502085,39.80328,3
116.481137,39.914909,3
116.4573,39.888727,3
116.496395,39.889313,3
116.479451,39.918474,3
116.545633,39.909036,3
116.483861,39.899908,3
116.516662,39.899727,3
116.500398,39.859455,3
116.472578,39.889862,3
116.503009,39.910566,3
116.46352,39.913286,3
116.53926,39.806388,3
116.550958,39.923634,3
116.485208,39.935228,3
116.465676,39.878833,3
116.494154,39.876023,3
116.536545,39.944528,3
116.536936,39.933604,3
116.521284,39.917024,3
116.469148,39.905984,3
116.487807,39.89,3
116.484906,39.908439,3
116.475892,39.899383,3
116.488769,39.940166,3
116.504961,39.913758,3
116.468938,39.930279,3
116.517295,39.873927,3
116.483894,39.91554,3
116.475634,39.843718,3
116.467857,39.881897,3
116.497928,39.920802,3
116.529458,39.947437,3
116.510093,39.930094,3
116.509066,39.921576,3
116.520178,39.914268,3
116.477931,39.935702,3
116.485414,39.914903,3
116.537965,39.925912,3
116.513872,39.939054,3
116.526975,39.912277,3
116.48838,39.916392,3
116.481128,39.916294,3
116.509198,39.938209,3
116.49013,39.937309,3
116.467313,39.912639,3
116.500503,39.881869,3
116.468351,39.922731,3
116.533491,39.849997,3
116.508192,39.940756,3
116.450961,39.875618,3
116.462705,39.881234,3
116.520959,39.904358,3
116.466952,39.887705,3
116.511833,39.875764,3
116.487143,39.932334,3
116.557642,39.851201,3
116.447088,39.841136,3
116.494836,39.923085,3
116.487652,39.887554,3
116.488962,39.92194,3
116.474597,39.91354,3
116.527293,39.927285,3
116.460745,39.888945,3
116.487997,39.933446,3
116.472438,39.856869,3
116.51356,39.864722,3
116.496162,39.917141,3
116.467568,39.877058,3
116.46763,39.915408,3
116.461932,39.91029,3
116.480773,39.933053,3
116.518558,39.808231,3
116.507384,39.877576,3
116.54957,39.745858,3
116.501355,39.927092,3
116.469971,39.91314,3
116.519609,39.92522,3
116.458394,39.863318,3
116.522377,39.79296,3
116.484363,39.914129,3
116.544081,39.945053,3
116.509121,39.804251,3
116.469086,39.897696,3
116.548041,39.822513,3
116.527747,39.921224,3
116.444946,39.864898,3
116.473543,39.931857,3
116.567329,39.731615,3
116.496189,39.899137,3
116.469033,39.889638,3
116.534342,39.814253,3
116.485337,39.915743,3
116.515895,39.909317,3
116.506458,39.942961,3
116.522522,39.91424,3
116.537903,39.933042,3
116.496009,39.949596,3
116.487566,39.932916,3
116.445385,39.8584,3
116.496143,39.905114,3
116.486453,39.895638,3
116.481073,39.864013,3
116.566325,39.852731,3
116.528028,39.824982,3
116.560505,39.851355,3
116.478068,39.873627,3
116.515216,39.829597,3
116.514743,39.81723,3
116.463188,39.878792,3
116.484693,39.926042,3
116.534884,39.915562,3
116.495898,39.923894,3
116.474481,39.939583,3
116.467568,39.875673,3
116.537253,39.909664,3
116.491267,39.9249,3
116.480628,39.871976,3
116.570448,39.874145,3
116.536171,39.92305,3
116.475268,39.883672,3
116.46483,39.91218,3
116.476484,39.898809,3
116.467332,39.903552,3
116.565834,39.871233,3
116.477025,39.914812,3
116.492823,39.905873,3
116.496433,39.928993,3
116.49138,39.854279,3
116.52115,39.812256,3
116.48422,39.883195,3
116.564365,39.917444,3
116.526946,39.899591,3
116.537419,39.875889,3
116.476484,39.875316,3
116.526619,39.951033,3
116.528543,39.947605,3
116.489696,39.872066,3
116.514631,39.911666,3
116.473623,39.932767,3
116.469639,39.880661,3
116.471673,39.868749,3
116.466567,39.919196,3
116.466773,39.870737,3
116.472181,39.864811,3
116.460852,39.869493,3
116.53085,39.901196,3
116.461304,39.879171,3
116.466809,39.876507,3
116.499682,39.940802,3
116.466213,39.913626,3
116.462704,39.882875,3
116.496243,39.939409,3
116.497442,39.870633,3
116.557327,39.818938,3
116.464653,39.877567,3
116.445845,39.864898,3
116.466761,39.872272,3
116.498738,39.906484,3
116.467572,39.902672,3
116.550566,39.947573,3
116.488111,39.90639,3
116.514298,39.811574,3
116.483677,39.892156,3
116.490002,39.907643,3
116.540216,39.922407,3
116.461418,39.874507,3
116.487435,39.916406,3
116.50339,39.86541,3
116.515936,39.944475,3
116.524577,39.90056,3
116.582408,39.814042,3
116.500324,39.883726,3
116.558828,39.926582,3
116.496682,39.806558,3
116.462083,39.88599,3
116.556803,39.915701,3
116.482266,39.839199,3
116.556654,39.929373,3
116.53614,39.910133,3
116.477075,39.922502,3
116.508291,39.905654,3
116.453562,39.874506,3
116.524033,39.926842,3
116.508747,39.929992,3
116.514517,39.924419,3
116.472623,39.92601,3
116.458687,39.886239,3
116.515152,39.931855,3
116.526732,39.815943,3
116.477691,39.936972,3
116.467257,39.919774,3
116.466934,39.919737,3
116.462866,39.880184,3
116.513772,39.910295,3
116.517794,39.940149,3
116.520956,39.811839,3
116.488132,39.934154,3
116.496158,39.92151,3
116.467258,39.875538,3
116.524233,39.929831,3
116.553829,39.922173,3
116.526179,39.779943,3
116.572144,39.799951,3
116.443454,39.858582,3
116.553631,39.876109,3
116.474404,39.890014,3
116.465921,39.893305,3
116.488142,39.921587,3
116.50085,39.92128,3
116.50459,39.913652,3
116.481424,39.918473,3
116.564094,39.918801,3
116.502823,39.945764,3
116.532159,39.860578,3
116.546754,39.755616,3
116.482496,39.911962,3
116.477796,39.921444,3
116.46979,39.914986,3
116.485198,39.934238,3
116.513574,39.878222,3
116.533808,39.657577,3
116.453217,39.851196,3
116.486783,39.938206,3
116.512925,39.927825,3
116.539933,39.772616,3
116.466783,39.912228,3
116.521911,39.952666,3
116.46477,39.870725,3
116.498509,39.933281,3
116.474683,39.883831,3
116.465579,39.835727,3
116.52042,39.872393,3
116.476888,39.919898,3
116.531713,39.789465,3
116.588419,39.737286,3
116.467946,39.899274,3
116.5471,39.779856,3
116.486123,39.915136,3
116.465234,39.905312,3
116.551885,39.756018,3
116.47864,39.940279,3
116.454449,39.837856,3
116.465352,39.891556,3
116.586391,39.873543,3
116.453097,39.812387,3
116.560092,39.917061,3
116.494781,39.884819,3
116.468852,39.890598,3
116.473522,39.91609,3
116.520408,39.79565,3
116.523978,39.929835,3
116.550116,39.900506,3
116.529667,39.932254,3
116.484169,39.898981,3
116.455833,39.862733,3
116.451095,39.864226,3
116.466423,39.875337,3
116.477515,39.901288,3
116.456371,39.896863,3
116.469705,39.898478,3
116.499284,39.813005,3
116.487245,39.879702,3
116.46404,39.812237,3
116.534782,39.905897,3
116.484171,39.918395,3
116.487807,39.923784,3
116.481128,39.915048,3
116.463613,39.82807,3
116.468023,39.889996,3
116.471372,39.915404,3
116.468327,39.919268,3
116.537244,39.923929,3
116.496648,39.872999,3
116.509074,39.919591,3
116.599571,39.844007,3
116.508494,39.902641,3
116.486272,39.915328,3
116.477708,39.843307,3
116.475618,39.899472,3
116.498204,39.923147,3
116.482134,39.811433,3
116.576613,39.906377,3
116.523996,39.929669,3
116.469647,39.911936,3
116.474948,39.880895,3
116.482861,39.912461,3
116.50356,39.808422,3
116.469853,39.92622,3
116.465865,39.912808,3
116.519509,39.938581,3
116.447272,39.874491,3
116.549971,39.883136,3
116.484674,39.92498,3
116.502878,39.882641,3
116.491147,39.926297,3
116.484739,39.920436,3
116.512485,39.928071,3
116.561297,39.76388,3
116.429167,39.915327,4
116.438747,39.959147,4
116.420949,39.91592,4
116.405739,39.868699,4
116.395918,39.940182,4
116.431922,39.955738,4
116.442239,39.936885,4
116.401543,39.965428,4
116.434687,39.87305,4
116.416786,39.953164,4
116.380701,39.919843,4
116.417587,39.921776,4
116.4578,39.932765,4
116.435096,39.849943,4
116.429331,39.934867,4
116.391076,39.874839,4
116.413185,39.916885,4
116.435024,39.913574,4
116.409367,39.92416,4
116.392461,39.943635,4
116.455593,39.942451,4
116.424636,39.889292,4
116.405799,39.879126,4
116.436157,39.85561,4
116.420894,39.91607,4
116.400311,39.971383,4
116.416199,39.91699,4
116.438953,39.94619,4
116.444721,39.890475,4
116.388168,39.930007,4
116.396043,39.949584,4
116.432594,39.873057,4
116.426683,39.933654,4
116.417241,39.932497,4
116.389005,39.96922,4
116.41779,39.857786,4
116.374739,39.898751,4
116.435157,39.898043,4
116.421986,39.925043,4
116.417905,39.922056,4
116.37564,39.924439,4
116.428536,39.947389,4
116.393502,39.980346,4
116.418444,39.916049,4
116.458553,39.910941,4
116.426394,39.904415,4
116.454571,39.951779,4
116.420909,39.915708,4
116.42309,39.95174,4
116.382812,39.905314,4
116.37882,39.962789,4
116.412962,39.862834,4
116.3857,39.949758,4
116.423592,39.867304,4
116.394757,39.950333,4
116.411136,39.959423,4
116.40773,39.93221,4
116.414299,39.975292,4
116.456704,39.940727,4
116.422496,39.919205,4
116.436246,39.911165,4
116.398147,39.891993,4
116.391182,39.900837,4
116.37794,39.954644,4
116.397014,39.913675,4
116.379282,39.916798,4
116.445967,39.939997,4
116.403906,39.915175,4
116.462278,39.940163,4
116.434929,39.874885,4
116.403206,39.947249,4
116.440537,39.930711,4
116.417196,39.916641,4
116.415821,39.916237,4
116.415894,39.917633,4
116.417953,39.879396,4
116.451156,39.946014,4
116.439511,39.958273,4
116.37963,39.89629,4
116.423192,39.952262,4
116.451358,39.923721,4
116.399912,39.911238,4
116.406122,39.874509,4
116.402296,39.944615,4
116.381066,39.919982,4
116.383194,39.908415,4
116.409562,39.917231,4
116.415644,39.916986,4
116.400088,39.931435,4
116.39223,39.870723,4
116.450734,39.912287,4
116.433649,39.90984,4
116.463594,39.924316,4
116.396222,39.949606,4
116.414001,39.915598,4
116.438031,39.915219,4
116.452668,39.953175,4
116.392863,39.970777,4
116.402096,39.942057,4
116.386473,39.941196,4
116.450164,39.911427,4
116.448422,39.913514,4
116.388047,39.910598,4
116.397933,39.932059,4
116.405207,39.867274,4
116.386753,39.933389,4
116.380496,39.902624,4
116.446929,39.92288,4
116.449842,39.923461,4
116.401254,39.877883,4
116.414659,39.899069,4
116.414458,39.872408,4
116.451393,39.954713,4
116.417838,39.899521,4
116.394493,39.978308,4
116.450573,39.925592,4
116.42267,39.857613,4
116.449561,39.925834,4
116.417986,39.929795,4
116.442799,39.910379,4
116.423573,39.908907,4
116.421301,39.925445,4
116.459416,39.92389,4
116.406675,39.978883,4
116.461066,39.946793,4
116.465928,39.924498,4
116.437102,39.9112,4
116.393862,39.885033,4
116.452634,39.927832,4
116.42335,39.907678,4
116.408007,39.921453,4
116.428144,39.889432,4
116.396208,39.936164,4
116.396011,39.913167,4
116.44586,39.938386,4
116.440206,39.927367,4
116.46548,39.92281,4
116.419469,39.968077,4
116.426226,39.898671,4
116.450551,39.93671,4
116.432567,39.939804,4
116.398167,39.887003,4
116.384155,39.884965,4
116.438336,39.899949,4
116.381474,39.900492,4
116.417566,39.922645,4
116.459573,39.929251,4
116.40311,39.932038,4
116.411777,39.898649,4
116.429476,39.872102,4
116.443958,39.927172,4
116.402941,39.87146,4
116.406175,39.863354,4
116.431039,39.929431,4
116.421507,39.910161,4
116.438725,39.946967,4
116.4503,39.934424,4
116.380815,39.915451,4
116.382395,39.904357,4
116.458604,39.918963,4
116.446724,39.943597,4
116.427864,39.906744,4
116.394556,39.912643,4
116.432579,39.927885,4
116.425575,39.965527,4
116.39493,39.876104,4
116.385671,39.963682,4
116.40775,39.877285,4
116.379557,39.916938,4
116.386504,39.972046,4
116.445284,39.904646,4
116.453055,39.938545,4
116.374996,39.909901,4
116.413694,39.971716,4
116.387705,39.91374,4
116.453522,39.936121,4
116.423806,39.879473,4
116.426887,39.946942,4
116.419737,39.875224,4
116.434259,39.860075,4
116.388107,39.921807,4
116.411266,39.864287,4
116.444656,39.920964,4
116.422864,39.921218,4
116.384304,39.904511,4
116.404624,39.891602,4
116.419807,39.920677,4
116.388307,39.974337,4
116.446569,39.916476,4
116.403366,39.921937,4
116.410891,39.868836,4
116.421121,39.867757,4
116.413341,39.914959,4
116.43898,39.86229,4
116.442266,39.940515,4
116.425893,39.922908,4
116.432512,39.921437,4
116.452624,39.913369,4
116.428507,39.863707,4
116.437804,39.872248,4
116.389016,39.91236,4
116.424899,39.871163,4
116.419646,39.953024,4
116.419567,39.924268,4
116.46387,39.938738,4
116.409217,39.92441,4
116.433212,39.943135,4
116.380205,39.920442,4
116.424517,39.904326,4
116.450661,39.915302,4
116.452515,39.9005,4
116.395967,39.876855,4
116.381083,39.917754,4
116.427213,39.877449,4
116.383946,39.928739,4
116.37732,39.967675,4
116.396705,39.906656,4
116.409385,39.920844,4
116.413475,39.910224,4
116.417035,39.886502,4
116.394465,39.912462,4
116.419634,39.916121,4
116.433653,39.909817,4
116.443147,39.92952,4
116.407396,39.883866,4
116.420689,39.92178,4
116.449579,39.915229,4
116.420647,39.863311,4
116.419284,39.909132,4
116.436524,39.92297,4
116.450727,39.912358,4
116.408861,39.882981,4
116.400797,39.957832,4
116.395645,39.929986,4
116.376881,39.959365,4
116.456214,39.939745,4
116.413208,39.917783,4
116.400861,39.900887,4
116.390913,39.949125,4
116.438591,39.896836,4
116.423054,39.918048,4
116.38836,39.976487,4
116.42998,39.910204,4
116.409917,39.9145,4
116.380717,39.906891,4
116.436791,39.876092,4
116.428057,39.863707,4
116.451847,39.903382,4
116.453733,39.939149,4
116.436656,39.900919,4
116.435817,39.904843,4
116.404015,39.912734,4
116.435044,39.930281,4
116.38076,39.886353,4
116.424601,39.964012,4
116.453044,39.912863,4
116.409437,39.946983,4
116.398282,39.940252,4
116.432123,39.905799,4
116.446965,39.927113,4
116.452246,39.897058,4
116.417502,39.915049,4
116.432149,39.961847,4
116.447214,39.923133,4
116.43893,39.863121,4
116.431881,39.947214,4
116.437175,39.906825,4
116.432468,39.91384,4
116.422403,39.917056,4
116.403531,39.922895,4
116.441582,39.915216,4
116.416878,39.895112,4
116.396956,39.940744,4
116.426925,39.93084,4
116.468861,39.933627,4
116.386391,39.937968,4
116.447908,39.928953,4
116.429815,39.950979,4
116.418364,39.924332,4
116.418959,39.959824,4
116.44505,39.90691,4
116.457739,39.914889,4
116.41952,39.941983,4
116.417599,39.920197,4
116.419149,39.91674,4
116.374211,39.918943,4
116.387355,39.909807,4
116.381748,39.957143,4
116.392686,39.943067,4
116.387994,39.906594,4
116.385182,39.960923,4
116.374879,39.881796,4
116.444512,39.890375,4
116.417917,39.950193,4
116.426924,39.956684,4
116.385183,39.961763,4
116.439437,39.867293,4
116.417364,39.862998,4
116.461059,39.94007,4
116.393098,39.956015,4
116.421858,39.898606,4
116.379059,39.944563,4
116.458583,39.924497,4
116.451889,39.890265,4
116.404042,39.934751,4
116.415859,39.946458,4
116.385616,39.904722,4
116.391983,39.905634,4
116.417437,39.920548,4
116.436554,39.947277,4
116.416444,39.96355,4
116.379009,39.919657,4
116.450674,39.948772,4
116.436813,39.915411,4
116.424053,39.903511,4
116.381622,39.901715,4
116.45932,39.912011,4
116.380079,39.925743,4
116.453097,39.899676,4
116.454671,39.946431,4
116.401098,39.959194,4
116.415615,39.916156,4
116.441824,39.940168,4
116.459036,39.948764,4
116.423222,39.907732,4
116.450764,39.929997,4
116.410902,39.871726,4
116.445549,39.923906,4
116.437862,39.911081,4
116.408409,39.883213,4
116.444737,39.929575,4
116.424934,39.914785,4
116.402589,39.941161,4
116.469312,39.938993,4
116.394291,39.90897,4
116.423157,39.903444,4
116.418119,39.921471,4
116.444154,39.936117,4
116.424913,39.863707,4
116.439521,39.909091,4
116.427479,39.927331,4
116.448558,39.943781,4
116.455861,39.905685,4
116.374236,39.892892,4
116.379251,39.95408,4
116.430976,39.954854,4
116.380477,39.941177,4
116.383747,39.932914,4
116.446576,39.927073,4
116.431805,39.941209,4
116.437819,39.870031,4
116.436512,39.939123,4
116.425281,39.921148,4
116.402713,39.938207,4
116.385781,39.963714,4
116.382086,39.955088,4
116.38184,39.950359,4
116.420338,39.963238,4
116.453117,39.934296,4
116.418827,39.930882,4
116.413349,39.916113,4
116.468922,39.940814,4
116.45584,39.928041,4
116.431707,39.921211,4
116.409906,39.947328,4
116.408017,39.921453,4
116.421885,39.938574,4
116.430803,39.930566,4
116.398924,39.969447,4
116.435688,39.946918,4
116.41493,39.908664,4
116.420496,39.947333,4
116.437977,39.919989,4
116.450596,39.935333,4
116.456711,39.910914,4
116.405912,39.932133,4
116.413647,39.915352,4
116.426406,39.92221,4
116.380713,39.917723,4
116.426875,39.892382,4
116.400872,39.867471,4
116.390479,39.874851,4
116.435951,39.853678,4
116.446106,39.921431,4
116.389463,39.874577,4
116.418989,39.915579,4
116.442285,39.937825,4
116.41984,39.93131,4
116.418174,39.922351,4
116.377975,39.919788,4
116.440191,39.929785,4
116.43342,39.896949,4
116.382778,39.909722,4
116.437106,39.892044,4
116.394801,39.968665,4
116.389837,39.911771,4
116.442204,39.94602,4
116.437092,39.871866,4
116.445977,39.927563,4
116.403709,39.939871,4
116.457479,39.942154,4
116.442361,39.94792,4
116.417061,39.916197,4
116.42009,39.939922,4
116.429343,39.862174,4
116.380973,39.919177,4
116.439231,39.959808,4
116.439613,39.926768,4
116.400973,39.90102,4
116.435096,39.851327,4
116.442268,39.91453,4
116.383332,39.890398,4
116.425683,39.947321,4
116.404065,39.899223,4
116.38607,39.882147,4
116.402441,39.945793,4
116.419644,39.950333,4
116.463719,39.937186,4
116.420244,39.862975,4
116.401413,39.906388,4
116.459486,39.922551,4
116.413787,39.898576,4
116.459833,39.931119,4
116.387652,39.957107,4
116.463489,39.949428,4
116.381664,39.903563,4
116.437586,39.942928,4
116.435096,39.850635,4
116.414039,39.955447,4
116.439655,39.903066,4
116.446642,39.938147,4
116.445301,39.871383,4
116.424673,39.904182,4
116.434142,39.867539,4
116.37963,39.894906,4
116.434736,39.921547,4
116.44896,39.939741,4
116.397234,39.916408,4
116.426563,39.893067,4
116.457352,39.922146,4
116.418051,39.865451,4
116.406511,39.905799,4
116.379238,39.949746,4
116.394372,39.877399,4
116.426152,39.901018,4
116.436294,39.95799,4
116.401437,39.945423,4
116.390509,39.875161,4
116.437665,39.919704,4
116.439168,39.942167,4
116.418395,39.939625,4
116.438427,39.871573,4
116.44387,39.924869,4
116.431452,39.915348,4
116.417715,39.925224,4
116.417051,39.94418,4
116.399096,39.92116,4
116.420558,39.921983,4
116.41577,39.864824,4
116.411156,39.968699,4
116.419014,39.904431,4
116.427299,39.888913,4
116.437262,39.89995,4
116.39603,39.929163,4
116.375904,39.93743,4
116.456158,39.953739,4
116.41826,39.898577,4
116.461507,39.91462,4
116.419749,39.863311,4
116.425985,39.871575,4
116.410325,39.968862,4
116.386346,39.958124,4
116.393565,39.87648,4
116.446748,39.898645,4
116.406766,39.887335,4
116.428209,39.907086,4
116.454817,39.932383,4
116.405965,39.979105,4
116.431695,39.849691,4
116.388229,39.880238,4
116.43852,39.87005,4
116.461799,39.943386,4
116.408458,39.951762,4
116.376708,39.899212,4
116.383481,39.914067,4
116.461121,39.920366,4
116.454069,39.911322,4
116.410667,39.926185,4
116.409524,39.942648,4
116.399953,39.900072,4
116.459764,39.914731,4
116.417801,39.916955,4
116.397667,39.948368,4
116.427563,39.921502,4
116.399818,39.905999,4
116.446565,39.881349,4
116.443066,39.899975,4
116.451441,39.89946,4
116.415557,39.895915,4
116.43165,39.966197,4
116.386638,39.918624,4
116.456464,39.914976,4
116.415203,39.905753,4
116.381927,39.915542,4
116.400191,39.954958,4
116.457289,39.926266,4
116.435137,39.900147,4
116.41275,39.928713,4
116.424731,39.916917,4
116.450873,39.935976,4
116.448803,39.938006,4
116.4348,39.915778,4
116.385789,39.889174,4
116.442447,39.934029,4
116.396589,39.891359,4
116.397539,39.922278,4
116.450546,39.935734,4
116.419938,39.876721,4
116.43487,39.857003,4
116.452428,39.929907,4
116.444676,39.921441,4
116.392996,39.975241,4
116.382833,39.928498,4
116.467582,39.935302,4
116.445896,39.8953,4
116.431366,39.963311,4
116.423772,39.92306,4
116.424405,39.968915,4
116.46374,39.936648,4
116.42784,39.880442,4
116.403164,39.928928,4
116.376988,39.916406,4
116.404594,39.891652,4
116.376298,39.951552,4
116.398071,39.917484,4
116.404738,39.922716,4
116.433146,39.868267,4
116.420219,39.871538,4
116.416698,39.915264,4
116.408117,39.906826,4
116.437169,39.962587,4
116.427786,39.867491,4
116.43886,39.864494,4
116.401798,39.901991,4
116.432395,39.904693,4
116.413348,39.917603,4
116.445554,39.927376,4
116.416626,39.921646,4
116.40318,39.928599,4
116.448876,39.901692,4
116.433012,39.912901,4
116.392941,39.94426,4
116.427629,39.859149,4
116.443323,39.955095,4
116.44434,39.913369,4
116.420911,39.921458,4
116.439101,39.911091,4
116.418032,39.920537,4
116.429149,39.946935,4
116.413893,39.958134,4
116.438728,39.946082,4
116.470156,39.934118,4
116.387063,39.95086,4
116.446957,39.895765,4
116.451044,39.926418,4
116.43931,39.86012,4
116.416687,39.862278,4
116.460479,39.931628,4
116.430693,39.936407,4
116.386275,39.920645,4
116.444705,39.876169,4
116.382458,39.949153,4
116.386337,39.962222,4
116.397408,39.924526,4
116.386621,39.957885,4
116.404142,39.904977,4
116.374165,39.91865,4
116.432067,39.947034,4
116.418343,39.91652,4
116.379711,39.937603,4
116.408279,39.8975,4
116.404373,39.904428,4
116.398302,39.939562,4
116.41021,39.921467,4
116.390827,39.974301,4
116.379492,39.915772,4
116.416867,39.918423,4
116.386441,39.938015,4
116.400725,39.956232,4
116.412862,39.90227,4
116.427474,39.908297,4
116.412839,39.930593,4
116.435259,39.921368,4
116.37942,39.941528,4
116.405853,39.892683,4
116.428275,39.960753,4
116.453845,39.936705,4
116.461277,39.939758,4
116.412954,39.909898,4
116.382763,39.916307,4
116.417924,39.92534,4
116.406109,39.897542,4
116.44329,39.946165,4
116.409416,39.947179,4
116.386812,39.940176,4
116.430389,39.921504,4
116.427982,39.864308,4
116.431976,39.901873,4
116.439219,39.903572,4
116.418508,39.947596,4
116.438698,39.959269,4
116.436432,39.913629,4
116.468261,39.939396,4
116.415281,39.960744,4
116.423566,39.953847,4
116.445534,39.895087,4
116.435191,39.91797,4
116.435337,39.911599,4
116.388125,39.947947,4
116.437208,39.902478,4
116.423865,39.908333,4
116.401065,39.897089,4
116.38975,39.88484,4
116.401383,39.928599,4
116.410536,39.926406,4
116.40528,39.865596,4
116.790154,39.807838,5
116.661566,39.943929,5
116.673814,39.915386,5
116.697571,40.113714,5
116.576338,40.067274,5
116.573247,40.067757,5
116.728229,40.154951,5
116.585376,39.918823,5
116.555128,39.961994,5
116.604343,40.051125,5
116.627922,39.920147,5
116.564196,40.03741,5
116.626273,40.050506,5
116.740079,39.809815,5
116.552878,39.97903,5
116.548145,39.972169,5
116.642312,39.994648,5
116.643599,39.898989,5
116.584459,39.915739,5
116.583231,40.0644,5
116.646441,39.937364,5
116.600703,39.947917,5
116.572882,40.0528,5
116.563709,40.020204,5
116.657768,40.132599,5
116.724506,39.922099,5
116.622074,40.061037,5
116.603409,40.088208,5
116.596157,39.939026,5
116.594531,40.08627,5
116.636896,39.967928,5
116.703537,39.871581,5
116.613977,39.936278,5
116.649114,39.92835,5
116.676887,39.898605,5
116.644725,39.891247,5
116.66438,40.17714,5
116.701248,39.922309,5
116.638885,39.922289,5
116.558105,39.97196,5
116.582459,39.929743,5
116.673884,39.905858,5
116.583764,40.00718,5
116.622869,39.975419,5
116.6623,40.135187,5
116.642097,39.913059,5
116.687999,39.933906,5
116.659349,39.913641,5
116.595837,40.071383,5
116.671647,39.884344,5
116.588051,39.913909,5
116.64016,39.90478,5
116.594965,40.068988,5
116.60626,39.917927,5
116.602368,39.920309,5
116.687126,39.881031,5
116.606768,40.050785,5
116.616591,39.931836,5
116.693996,39.929418,5
116.649469,39.912655,5
116.553643,39.966482,5
116.635958,39.911503,5
116.659876,40.123973,5
116.647823,39.921774,5
116.58837,39.933995,5
116.643576,39.911764,5
116.692456,39.919387,5
116.607178,39.915012,5
116.613664,39.900219,5
116.625145,39.853966,5
116.667626,39.918528,5
116.644442,39.894582,5
116.645863,39.928844,5
116.603036,39.908182,5
116.597143,40.055266,5
116.650428,39.912239,5
116.663879,40.136336,5
116.673797,40.050541,5
116.660737,40.128042,5
116.594308,39.918974,5
116.631146,40.146225,5
116.688765,39.901763,5
116.613298,39.898314,5
116.577283,40.130489,5
116.637263,39.975784,5
116.598231,39.925556,5
116.561313,39.956563,5
116.581939,39.928615,5
116.695592,39.93735,5
116.600432,40.084489,5
116.565403,39.973693,5
116.655633,39.878736,5
116.68969,39.887396,5
116.599267,40.062485,5
116.567916,40.07317,5
116.610869,39.924213,5
116.684347,40.114908,5
116.596516,39.920029,5
116.655429,40.126097,5
116.570063,39.960799,5
116.63945,39.882022,5
116.672774,39.883684,5
116.312747,39.877025,6
116.36971,39.89752,6
116.32633,39.939123,6
116.330211,39.929065,6
116.246264,39.978724,6
116.271067,39.906452,6
116.346894,39.942244,6
116.327436,39.940715,6
116.361056,39.964315,6
116.334021,39.94369,6
116.316191,39.928779,6
116.337499,39.957628,6
116.329403,39.87658,6
116.306657,39.866294,6
116.305965,39.952086,6
116.301704,39.885928,6
116.288208,39.880366,6
116.300031,39.933039,6
116.36626,39.917926,6
116.367157,39.905715,6
116.327798,39.898934,6
116.260605,39.936269,6
116.355195,39.945866,6
116.340873,39.919891,6
116.359776,39.929968,6
116.353477,39.888697,6
116.348778,39.965013,6
116.274597,39.905925,6
116.319744,39.961688,6
116.321576,39.932298,6
116.363646,39.937615,6
116.303909,39.972965,6
116.308266,39.864451,6
116.308238,39.974578,6
116.333502,39.889017,6
116.370591,39.919296,6
116.362677,39.917863,6
116.333165,39.888117,6
116.326762,39.916156,6
116.354463,39.958197,6
116.357821,39.937693,6
116.35023,39.912874,6
116.318084,39.891405,6
116.360034,39.944248,6
116.339257,39.934619,6
116.329335,39.934027,6
116.356027,39.939686,6
116.259636,39.921884,6
116.342212,39.899662,6
116.324423,39.948515,6
116.367367,39.924663,6
116.315425,39.863822,6
116.347412,39.943615,6
116.360687,39.918153,6
116.353041,39.882057,6
116.313347,39.899799,6
116.285415,39.906952,6
116.330736,39.948999,6
116.348879,39.943652,6
116.332043,39.89866,6
116.346931,39.933625,6
116.351953,39.963494,6
116.3512,39.944185,6
116.354562,39.927125,6
116.314393,39.97235,6
116.314721,39.968273,6
116.342302,39.960109,6
116.327844,39.907526,6
116.363429,39.969149,6
116.286232,39.931083,6
116.329873,39.971808,6
116.310238,39.9622,6
116.325057,39.961578,6
116.359744,39.914448,6
116.352459,39.923732,6
116.35467,39.893824,6
116.3692,39.912301,6
116.353067,39.924075,6
116.324212,39.885381,6
116.320185,39.892318,6
116.328611,39.903756,6
116.329117,39.962447,6
116.339064,39.959174,6
116.321508,39.96288,6
116.279018,39.918499,6
116.336112,39.916399,6
116.332008,39.936431,6
116.352076,39.934009,6
116.364196,39.924984,6
116.319017,39.893689,6
116.335268,39.90708,6
116.321047,39.874805,6
116.309759,39.914913,6
116.37031,39.893621,6
116.34708,39.894485,6
116.339248,39.903758,6
116.353077,39.96926,6
116.362055,39.957467,6
116.301184,39.943094,6
116.311914,39.91404,6
116.308906,39.940047,6
116.369086,39.955324,6
116.310697,39.944338,6
116.361681,39.929361,6
116.28712,39.959728,6
116.265269,39.934602,6
116.330285,39.954574,6
116.328289,39.8984,6
116.361817,39.958353,6
116.290443,39.896274,6
116.352873,39.894973,6
116.289474,39.943928,6
116.288458,39.920692,6
116.355578,39.904588,6
116.336536,39.945066,6
116.346921,39.953237,6
116.358252,39.969595,6
116.371217,39.912042,6
116.258599,39.954929,6
116.328722,39.933897,6
116.260246,39.955235,6
116.361632,39.8833,6
116.312751,39.925492,6
116.359774,39.951061,6
116.352573,39.895811,6
116.314761,39.930715,6
116.333131,39.895712,6
116.292368,39.942186,6
116.356206,39.940482,6
116.286494,39.873335,6
116.29497,39.965023,6
116.355232,39.887273,6
116.32741,39.909008,6
116.369711,39.923003,6
116.355844,39.882166,6
116.327122,39.89599,6
116.366221,39.941431,6
116.370421,39.94359,6
116.350095,39.955586,6
116.327886,39.917361,6
116.352656,39.942902,6
116.28971,39.920489,6
116.355844,39.881474,6
116.342336,39.916152,6
116.331353,39.906226,6
116.274615,39.892269,6
116.294714,39.943249,6
116.346024,39.933454,6
116.336624,39.966078,6
116.316306,39.908893,6
116.359764,39.94746,6
116.345215,39.894938,6
116.352579,39.89994,6
116.325482,39.928525,6
116.275409,39.896256,6
116.352995,39.892824,6
116.327872,39.900947,6
116.355586,39.963758,6
116.328078,39.900906,6
116.368921,39.911922,6
116.303882,39.894865,6
116.366633,39.924991,6
116.254851,39.935584,6
116.316465,39.913468,6
116.306674,39.929844,6
116.332512,39.957103,6
116.282502,39.921893,6
116.363181,39.936578,6
116.322196,39.93815,6
116.362848,39.895703,6
116.288019,39.869954,6
116.365288,39.948691,6
116.272893,39.912243,6
116.286242,39.964538,6
116.329053,39.965638,6
116.290607,39.890935,6
116.365351,39.889361,6
116.317212,39.882204,6
116.312984,39.887419,6
116.289121,39.867262,6
116.321648,39.89959,6
116.340656,39.903729,6
116.341593,39.882759,6
116.322702,39.945453,6
116.3434,39.956933,6
116.287225,39.856877,6
116.356229,39.938525,6
116.360017,39.886279,6
116.365869,39.918598,6
116.370151,39.929759,6
116.287195,39.959335,6
116.291562,39.963635,6
116.293478,39.896229,6
116.327812,39.899396,6
116.322144,39.88019,6
116.360047,39.921459,6
116.316897,39.911991,6
116.371849,39.9374,6
116.318605,39.93489,6
116.300249,39.871788,6
116.330782,39.915601,6
116.314194,39.919037,6
116.327843,39.972799,6
116.302549,39.879498,6
116.332794,39.898571,6
116.332443,39.95194,6
116.307756,39.974276,6
116.317239,39.936283,6
116.271081,39.890598,6
116.285226,39.962502,6
116.326158,39.91457,6
116.318344,39.891202,6
116.285698,39.920374,6
116.345466,39.952526,6
116.301413,39.884822,6
116.300014,39.901686,6
116.365569,39.889963,6
116.289326,39.925329,6
116.354538,39.877627,6
116.318063,39.890607,6
116.32603,39.902471,6
116.362366,39.946908,6
116.371073,39.927841,6
116.360713,39.923647,6
116.331416,39.95783,6
116.324056,39.894841,6
116.319865,39.929953,6
116.277513,39.955608,6
116.364876,39.94973,6
116.315037,39.950132,6
116.353937,39.942675,6
116.289665,39.925415,6
116.348391,39.929486,6
116.314103,39.897296,6
116.286213,39.958966,6
116.27832,39.950438,6
116.316542,39.938302,6
116.283274,39.934656,6
116.34257,39.947168,6
116.332552,39.952427,6
116.32929,39.934067,6
116.353311,39.919498,6
116.32536,39.956966,6
116.364769,39.920465,6
116.355951,39.922246,6
116.299627,39.865669,6
116.321931,39.882869,6
116.284114,39.916711,6
116.360083,39.896248,6
116.315848,39.916238,6
116.306305,39.870951,6
116.366486,39.922549,6
116.340984,39.957682,6
116.31305,39.936756,6
116.346185,39.960719,6
116.355942,39.934382,6
116.324118,39.953882,6
116.372752,39.930121,6
116.308509,39.921505,6
116.362544,39.959404,6
116.318277,39.865804,6
116.316693,39.93008,6
116.364205,39.924875,6
116.360133,39.925488,6
116.369352,39.891531,6
116.365761,39.920648,6
116.300503,39.93861,6
116.350975,39.939241,6
116.360206,39.920864,6
116.324387,39.889739,6
116.344149,39.895197,6
116.331068,39.887056,6
116.296405,39.964382,6
116.303713,39.973457,6
116.325239,39.905276,6
116.363566,39.898569,6
116.355535,39.943031,6
116.367277,39.91814,6
116.338872,39.930273,6
116.332049,39.903248,6
116.360287,39.886271,6
116.316644,39.909091,6
116.348671,39.903344,6
116.297588,39.865924,6
116.332134,39.972559,6
116.323886,39.894073,6
116.356823,39.898261,6
116.287196,39.959337,6
116.300786,39.945829,6
116.32874,39.900875,6
116.366307,39.948857,6
116.363135,39.934632,6
116.33113,39.91376,6
116.354012,39.959833,6
116.283333,39.894418,6
116.268793,39.923785,6
116.352765,39.932033,6
116.365518,39.928933,6
116.358914,39.934055,6
116.264835,39.914185,6
116.363338,39.937071,6
116.365955,39.94202,6
116.325901,39.906212,6
116.312626,39.895673,6
116.308681,39.953804,6
116.276451,39.924313,6
116.352488,39.912445,6
116.342639,39.903539,6
116.360326,39.921505,6
116.276173,39.96316,6
116.271266,39.895848,6
116.304431,39.96772,6
116.329819,39.903588,6
116.335265,39.972142,6
116.348311,39.903653,6
116.331629,39.958164,6
116.353638,39.883106,6
116.342986,39.959142,6
116.361975,39.927393,6
116.31599,39.944813,6
116.331681,39.970264,6
116.316871,39.87791,6
116.366285,39.920778,6
116.3418,39.959591,6
116.363775,39.919004,6
116.370364,39.909488,6
116.300401,39.895785,6
116.370498,39.904902,6
116.307625,39.934578,6
116.251081,39.973524,6
116.308326,39.949079,6
116.331901,39.953438,6
116.345181,39.95271,6
116.285342,39.930302,6
116.342877,39.895861,6
116.301316,39.916633,6
116.370094,39.886197,6
116.323875,39.894993,6
116.346414,39.911849,6
116.37319,39.93428,6
116.33099,39.91301,6
116.333249,39.889539,6
116.364183,39.938935,6
116.302529,39.879369,6
116.282114,39.933155,6
116.359679,39.918406,6
116.355067,39.876161,6
116.344291,39.903464,6
116.331048,39.887616,6
116.317766,39.874614,6
116.328592,39.894997,6
116.318937,39.929539,6
116.373823,39.93706,6
116.362574,39.958954,6
116.346571,39.893625,6
116.344971,39.941276,6
116.36705,39.958261,6
116.370073,39.902824,6
116.31758,39.968942,6
116.331877,39.933473,6
116.373858,39.938746,6
116.365935,39.943579,6
116.306936,39.891801,6
116.372233,39.938147,6
116.359327,39.907335,6
116.373308,39.964071,6
116.309812,39.967761,6
116.311392,39.950584,6
116.314788,39.964891,6
116.252481,39.971859,6
116.354411,39.934083,6
116.313996,39.914658,6
116.360345,39.922773,6
116.294193,39.963959,6
116.360549,39.92509,6
116.336654,39.95245,6
116.346062,39.942855,6
116.33803,39.903247,6
116.360809,39.942455,6
116.294651,39.906717,6
116.246055,39.978981,6
116.288018,39.920293,6
116.242999,39.981158,6
116.359966,39.924188,6
116.321754,39.89218,6
116.300962,39.872478,6
116.34985,39.957862,6
116.36558,39.929379,6
116.359079,39.947108,6
116.277984,39.941173,6
116.329969,39.929689,6
116.286255,39.96374,6
116.359854,39.913661,6
116.352715,39.943068,6
116.309902,39.91435,6
116.337198,39.94486,6
116.270338,39.931221,6
116.321184,39.903655,6
116.349351,39.933569,6
116.291555,39.931954,6
116.30052,39.975021,6
116.335111,39.942596,6
116.365525,39.954436,6
116.280286,39.906552,6
116.321865,39.892488,6
116.266226,39.923416,6
116.309207,39.968869,6
116.329282,39.903711,6
116.3609,39.943309,6
116.356743,39.916885,6
116.318836,39.934881,6
116.373403,39.913886,6
116.300481,39.873072,6
116.334239,39.902043,6
116.332523,39.889437,6
116.252347,39.935188,6
116.362456,39.961133,6
116.263324,39.950308,6
116.326975,39.90251,6
116.297667,39.948513,6
116.323222,39.933564,6
116.362017,39.889142,6
116.320352,39.878597,6
116.269033,39.899806,6
116.303318,39.895042,6
116.327881,39.969877,6
116.254301,39.973272,6
116.30038,39.876976,6
116.32082,39.891901,6
116.372049,39.938053,6
116.311766,39.94906,6
116.32404,39.867588,6
116.362837,39.918556,6
116.256739,39.935519,6
116.340273,39.893897,6
116.303555,39.89593,6
116.360195,39.925333,6
116.291111,39.965386,6
116.344179,39.965944,6
116.368135,39.911769,6
116.276353,39.886057,6
116.336934,39.942694,6
116.359465,39.929991,6
116.27136,39.898581,6
116.314898,39.964278,6
116.315786,39.917733,6
116.298893,39.883923,6
116.369741,39.894651,6
116.244595,40.18689,7
116.240581,40.295584,7
116.220002,40.238349,7
116.255777,40.273534,7
116.24032,40.276924,7
115.992096,40.445076,7
116.032912,40.36974,7
116.220593,40.231615,7
116.226158,40.244217,7
116.090883,40.28406,7
116.216456,40.221724,7
116.236552,40.271127,7
116.241397,40.206381,7
116.281394,40.25815,7
116.255504,40.304161,7
116.273038,40.169488,7
116.217093,40.22829,7
116.024788,40.546159,7
116.345847,40.464277,7
116.183286,40.263542,7
116.144847,40.109634,7
116.246771,40.218223,7
116.043527,40.344385,7
116.226232,40.294985,7
116.090883,40.284748,7
116.235486,40.219664,7
116.221515,40.2326,7
116.165632,40.100253,7
116.243628,40.289665,7
116.014223,40.479455,7
116.081732,40.295479,7
116.199939,40.671983,7
116.232168,40.30112,7
116.244592,40.295588,7
116.212226,39.93933,8
116.228626,39.908472,8
116.23178,39.901125,8
116.214371,39.935212,8
116.219873,39.904484,8
116.192014,39.811034,8
116.2585,39.882079,8
116.243273,39.920912,8
116.233981,39.96036,8
116.20503,39.93354,8
116.271003,39.851,8
116.217208,39.89587,8
116.213474,39.933494,8
116.190384,39.937462,8
116.170367,39.816666,8
116.21727,39.8492,8
116.252671,39.885256,8
116.174723,39.77431,8
116.133422,39.961447,8
116.152992,39.68718,8
116.202059,39.923775,8
116.22589,39.904402,8
115.991443,39.708209,8
116.244146,39.84893,8
116.244113,39.845247,8
116.25837,39.841938,8
116.1959,39.901952,8
116.209486,39.932355,8
116.177502,39.929615,8
116.226516,39.912248,8
116.190243,39.937924,8
116.211656,39.937816,8
116.185636,39.756679,8
116.239073,39.854666,8
116.21012,39.91361,8
116.194942,39.917386,8
116.128725,39.96284,8
116.113914,39.958675,8
116.176621,39.737562,8
116.111877,39.940189,8
116.239892,39.894856,8
116.179329,39.929546,8
116.181964,39.899472,8
116.217828,39.966598,8
116.223127,39.855511,8
116.221101,39.980011,8
115.955518,39.827232,8
116.113543,39.689098,8
116.221008,39.912034,8
116.258286,39.883848,8
116.20914,39.950762,8
116.246426,39.900795,8
116.245023,39.863997,8
116.250684,39.905167,8
116.070639,39.721043,8
116.262797,39.866169,8
116.261468,39.878426,8
116.118727,39.940531,8
116.20576,39.813789,8
116.10408,39.956022,8
116.167432,39.930962,8
116.21813,39.847756,8
116.216433,39.834576,8
116.160078,39.938323,8
116.160211,39.753875,8
116.247004,39.909362,8
116.235428,39.966828,8
116.156633,39.894499,8
116.188836,39.968836,8
116.1308,39.938005,8
116.241063,39.851879,8
116.238231,39.957962,8
116.259319,39.886487,8
116.253094,39.913645,8
116.201228,39.995632,8
116.220214,39.931495,8
116.252324,39.900522,8
116.144102,39.738721,8
116.225615,39.983137,8
116.18102,39.84221,8
116.23535,39.913104,8
116.201426,39.929159,8
116.205016,39.91896,8
116.211295,39.938471,8
116.17224,39.783533,8
116.18719,39.864588,8
116.000557,39.636807,8
116.261289,39.865725,8
116.089279,39.951223,8
116.215473,39.8492,8
115.990925,39.713107,8
116.214243,39.973606,8
116.1989,39.804011,8
116.247013,39.904611,8
116.256469,39.878256,8
116.224714,39.766819,8
116.260005,39.88549,8
116.213608,39.926638,8
116.232878,39.911338,8
116.235594,39.898002,8
116.209093,39.916674,8
116.23776,39.856403,8
116.242723,39.902479,8
116.184428,39.764249,8
116.19765,39.928663,8
116.191513,39.770255,8
116.18606,39.932054,8
116.246033,39.89547,8
116.199822,39.935443,8
116.125431,39.90112,8
116.175585,39.933052,8
116.251826,39.908844,8
116.110309,39.893162,8
116.116017,39.938887,8
116.14507,39.943426,8
116.21457,39.848789,8
116.135449,39.739605,8
116.176328,39.940101,8
115.962758,39.736502,8
116.091268,39.947852,8
116.409469,39.997842,9
116.420199,40.049494,9
116.473481,40.016586,9
116.466935,39.964552,9
116.480969,40.018882,9
116.427249,40.082284,9
116.414352,39.979053,9
116.432085,39.96856,9
116.474355,39.962825,9
116.431013,39.986654,9
116.426123,39.975968,9
116.418154,40.0053,9
116.43331,40.037464,9
116.411281,40.01064,9
116.440966,39.963471,9
116.437109,39.970921,9
116.473882,39.965445,9
116.421103,40.100209,9
116.409876,40.011538,9
116.400353,40.005838,9
116.518785,40.007178,9
116.535327,39.970684,9
116.496348,39.97325,9
116.468299,39.953638,9
116.473301,39.964886,9
116.517964,40.18406,9
116.497384,39.975679,9
116.471121,39.947105,9
116.454743,40.03414,9
116.474839,40.012095,9
116.487423,40.001965,9
116.480623,39.998557,9
116.443957,39.989609,9
116.488832,39.982868,9
116.498611,39.982343,9
116.467104,40.012261,9
116.470226,39.982732,9
116.511849,40.007168,9
116.488974,39.975386,9
116.552184,40.084556,9
116.511428,40.012531,9
116.402932,39.999087,9
116.470599,40.005035,9
116.470096,40.007432,9
116.414692,40.05882,9
116.478685,39.991292,9
116.409984,39.979522,9
116.503466,39.968366,9
116.46768,39.993104,9
116.494341,39.96362,9
116.51455,39.963423,9
116.436217,40.038641,9
116.42641,40.0351,9
116.40838,39.995634,9
116.502914,39.970227,9
116.463621,40.023126,9
116.468397,39.973465,9
116.449021,39.96729,9
116.488384,39.98114,9
116.416084,40.001301,9
116.462398,39.957032,9
116.437667,39.976873,9
116.553291,40.025099,9
116.475559,39.989226,9
116.426519,39.975326,9
116.434043,40.027904,9
116.447682,40.125764,9
116.452766,39.962327,9
116.480243,39.988786,9
116.441975,39.99222,9
116.517983,40.01405,9
116.469935,39.96226,9
116.513714,40.002996,9
116.468775,40.001325,9
116.45976,39.999606,9
116.438905,40.004293,9
116.43254,40.045236,9
116.438333,40.05418,9
116.412956,39.998115,9
116.546858,40.105264,9
116.466117,39.96301,9
116.479457,40.007963,9
116.422237,40.017999,9
116.477104,39.999645,9
116.426695,40.094334,9
116.478389,39.955991,9
116.434339,39.984397,9
116.490356,40.018021,9
116.40315,39.999011,9
116.474894,39.987783,9
116.526408,40.002296,9
116.418015,40.12647,9
116.439418,40.014685,9
116.468597,40.028152,9
116.521968,39.980445,9
116.506601,40.178632,9
116.466872,40.004704,9
116.425797,40.110438,9
116.503038,39.992864,9
116.499957,39.993879,9
116.511977,40.022076,9
116.457085,39.954099,9
116.501852,39.971229,9
116.427557,39.996371,9
116.422296,39.987992,9
116.454566,39.978458,9
116.429867,40.000114,9
116.435872,40.041906,9
116.50268,39.990539,9
116.510018,40.007064,9
116.496479,39.992196,9
116.421484,39.997063,9
116.449112,39.966215,9
116.417077,40.00422,9
116.454878,39.955847,9
116.420355,40.044095,9
116.465047,39.972945,9
116.418285,40.049586,9
116.43206,39.998337,9
116.44511,39.961223,9
116.511475,39.966488,9
116.489071,39.960785,9
116.424071,39.984786,9
116.400145,39.994308,9
116.437734,39.986664,9
116.468636,39.962292,9
116.474508,40.002265,9
116.407439,39.992685,9
116.509712,39.985218,9
116.442242,39.9729,9
116.464657,40.002019,9
116.431554,40.009574,9
116.532535,40.029504,9
116.501785,39.989762,9
116.473812,39.956152,9
116.514943,40.002237,9
116.419023,40.005242,9
116.468571,40.050926,9
116.472874,40.022017,9
116.418635,40.077276,9
116.479775,39.954562,9
116.423902,40.03136,9
116.435931,39.983376,9
116.479255,40.014447,9
116.398782,39.983869,9
116.429482,40.027913,9
116.473693,40.013478,9
116.471861,39.983969,9
116.463651,39.957562,9
116.509969,39.987123,9
116.509918,39.984722,9
116.48824,39.950365,9
116.430854,39.991718,9
116.460663,39.954034,9
116.515637,40.016939,9
116.471004,39.954841,9
116.422478,40.039189,9
116.445737,40.034795,9
116.470981,40.003265,9
116.413267,39.997153,9
116.408663,39.979331,9
116.480174,39.954911,9
116.442155,39.966179,9
116.418465,40.052414,9
116.472173,40.017428,9
116.422891,39.994414,9
116.460972,39.963256,9
116.505935,39.974535,9
116.492484,40.015173,9
116.434624,40.004149,9
116.430542,39.994953,9
116.487228,40.002236,9
116.417705,40.033137,9
116.437855,40.070881,9
116.474286,40.007394,9
116.428326,40.042429,9
116.459113,39.967578,9
116.41715,40.008982,9
116.419945,40.089957,9
116.423663,39.993785,9
116.474112,39.965667,9
116.410428,40.043306,9
116.468582,40.061606,9
116.435187,40.081482,9
116.467171,39.955858,9
116.433391,39.98016,9
116.484391,39.993277,9
116.419493,40.073084,9
116.561079,40.107497,9
116.46424,39.967683,9
116.410754,40.053454,9
116.493614,39.997919,9
116.466774,40.006256,9
116.478207,40.016906,9
116.521695,39.958953,9
116.508436,39.96531,9
116.421519,40.038809,9
116.466325,39.960019,9
116.473647,40.008119,9
116.536462,40.011261,9
116.422081,40.047042,9
116.400651,40.008559,9
116.469783,40.012857,9
116.51126,39.98232,9
116.484461,39.995244,9
116.426974,39.989742,9
116.510593,39.970338,9
116.455138,39.964571,9
116.497729,40.012462,9
116.433134,40.007547,9
116.475587,39.997574,9
116.423961,40.067106,9
116.415161,40.00163,9
116.469544,40.00667,9
116.466759,40.040781,9
116.465594,40.00201,9
116.410532,39.995698,9
116.482577,40.004362,9
116.410558,39.991799,9
116.493031,40.000333,9
116.459244,39.956898,9
116.490034,40.032611,9
116.412574,40.001797,9
116.469705,40.018698,9
116.425846,39.975446,9
116.462466,40.030175,9
116.469403,39.951722,9
116.464072,39.968485,9
116.505347,40.00095,9
116.486993,39.992025,9
116.43887,39.983673,9
116.484354,39.979396,9
116.449051,39.992656,9
116.455721,40.026306,9
116.465376,39.96187,9
116.417116,39.974489,9
116.466626,39.961339,9
116.440097,39.988792,9
116.443804,40.074107,9
116.466326,40.019523,9
116.490479,40.002707,9
116.436147,39.997753,9
116.474617,40.017724,9
116.463836,40.002681,9
116.51774,40.044046,9
116.532208,40.031067,9
116.486317,39.985147,9
116.47469,40.014065,9
116.495036,39.977793,9
116.474521,40.016976,9
116.424978,39.971769,9
116.49063,40.012857,9
116.448597,39.966036,9
116.452713,40.027307,9
116.478061,39.958902,9
116.495622,39.986029,9
116.435389,39.985466,9
116.488107,39.972083,9
116.490722,39.996191,9
116.55061,40.042965,9
116.400623,39.983231,9
116.513459,40.089043,9
116.413951,39.988077,9
116.506137,39.96217,9
116.489114,39.996157,9
116.462568,39.957007,9
116.470665,39.989664,9
116.446183,39.970283,9
116.496917,39.965418,9
116.41101,39.995921,9
116.4533,39.963351,9
116.409698,39.995369,9
116.46373,40.118544,9
116.412786,39.994666,9
116.439952,39.966108,9
116.514719,40.029385,9
116.427841,40.047356,9
116.511168,39.960958,9
116.451453,39.956814,9
116.407389,40.001345,9
116.47833,39.978117,9
116.424466,40.035832,9
116.497542,39.990405,9
116.416114,39.991892,9
116.474988,39.955844,9
116.451256,39.978136,9
116.49488,39.990349,9
116.421162,40.111087,9
116.412704,39.999108,9
116.448554,39.969297,9
116.44485,40.085413,9
116.442034,39.976724,9
116.41541,40.062856,9
116.442796,39.97367,9
116.478403,39.961004,9
116.462281,39.954764,9
116.437594,39.968401,9
116.429827,40.072114,9
116.519054,40.043339,9
116.41793,40.007698,9
116.413183,39.983313,9
116.492511,40.006292,9
116.475073,40.046118,9
116.448333,39.995245,9
116.536017,39.986811,9
116.408769,40.001523,9
116.491713,39.980907,9
116.469367,40.004558,9
116.536532,40.008627,9
116.422343,39.99472,9
116.476121,40.008028,9
116.47705,40.012171,9
116.418465,40.053024,9
116.459312,39.97774,9
116.428932,39.995082,9
116.470686,39.964598,9
116.441028,39.965609,9
116.419806,40.004293,9
116.450681,39.977239,9
116.509395,39.977073,9
116.473305,39.984177,9
116.552702,40.043533,9
116.453878,39.969477,9
116.400134,40.003667,9
116.48549,39.982803,9
116.431225,40.004171,9
116.41793,39.995584,9
116.47669,39.991914,9
116.413393,40.008351,9
116.510012,40.015112,9
116.41175,39.979749,9
116.47139,39.959059,9
116.486388,40.018775,9
116.508688,39.995343,9
116.453997,40.000755,9
116.469804,39.992461,9
116.415192,40.085593,9
116.413936,40.010454,9
116.485975,40.09793,9
116.495935,39.977793,9
116.470312,40.006203,9
116.425315,40.052455,9
116.464778,40.002099,9
116.504625,39.9824,9
116.472714,39.965648,9
116.52185,40.006015,9
116.553993,40.073201,9
116.399127,40.00121,9
116.453536,39.968592,9
116.511412,40.040683,9
116.481466,39.977725,9
116.413799,39.999832,9
116.468996,40.018656,9
116.473182,39.953507,9