0	6.795895820371257E-4
1	8.305064719800753E-4
2	8.692537028985709E-4
3	8.81717074805001E-4
4	9.38043175973106E-4
5	0.0010181414440047032
6	0.0011109837982601679
7	0.0011109837982601679
8	0.0011414013316968501
9	0.0011533646431092647
10	0.0011540277293025107
11	0.0011712783614491256
12	0.001171973122556046
13	0.001171973122556046
14	0.0012320292204251713
15	0.0012371273176228466
16	0.0012406449935517408
17	0.0012610317204594997
18	0.001297723005893751
19	0.0013052497845270675
20	0.0013106826465635862
21	0.001316490030343872
22	0.0013328975954637814
23	0.0013717146204660345
24	0.0013777350979032206
25	0.0013849999999990814
26	0.0013979073645987105
27	0.0014030513176601835
28	0.0014030513176601835
29	0.0014429598054059752
30	0.0014522895716709604
31	0.001457208976085613
32	0.0014578288651383045
33	0.0014648774692787912
34	0.0014770633026330354
35	0.00147988141416785
36	0.00152388483816691
37	0.00152388483816691
38	0.00155128978595142
39	0.0015521601077202291
40	0.0015786288354105549
41	0.0015790455978212101
42	0.001585765745629469
43	0.0016011036818410877
44	0.0016089847730857557
45	0.0016106178938546246
46	0.0016106178938546246
47	0.001654398077849732
48	0.001657536726592055
49	0.001685286919189369
50	0.0017021927035499344
51	0.001702873160270335
52	0.001703932510398983
53	0.0017304716120166803
54	0.0017367008953796399
55	0.0017382249566678157
56	0.0017637800316359096
57	0.0017637800316359096
58	0.001780512566659142
59	0.0018010732911183833
60	0.0018021037705921144
61	0.0018025751024589756
62	0.0018121161662543062
63	0.0018259912376596137
64	0.0018451590717424788
65	0.001866218904628976
66	0.0018791088313422578
67	0.0018971162325990623
68	0.0019099261765852258
69	0.001916376789675111
70	0.0019243287141218958
71	0.0019260501031955288
72	0.0019302023210003402
73	0.0019323074289541403
74	0.001936884611943231
75	0.0019399226788791397
76	0.0019446081867597026
77	0.001945828872233585
78	0.0019466445489617194
79	0.0019519518436630502
80	0.0019535897727008082
81	0.001957135151174198
82	0.0019676912867623015
83	0.001997771258176035
84	0.002000901047022601
85	0.002000901047022601
86	0.0020019695302356316
87	0.0020122474996939477
88	0.0020143596997608004
89	0.0020218051340341408
90	0.002027720148344911
91	0.0020308786275920762
92	0.002033008853886098
93	0.002033008853886098
94	0.0020363793850952765
95	0.0020390039234894947
96	0.0020390039234894947
97	0.002040589375650281
98	0.002040710170502295
99	0.0020436362200723
100	0.002052842906797088
101	0.002056456175067686
102	0.0020565120957624777
103	0.002067091192950484
104	0.002067091192950484
105	0.002067570796850918
106	0.0020713572844847142
107	0.0020720945924374862
108	0.00207412873274322
109	0.002082516266450192
110	0.002092092971161096
111	0.0020937776863833705
112	0.002095730183017272
113	0.0021083427140751758
114	0.002108656918511734
115	0.002119403925631961
116	0.002119403925631961
117	0.0021299532858794433
118	0.002132996014997869
119	0.002132996014997869
120	0.0021534126404393543
121	0.0021575089802823256
122	0.002166953852763659
123	0.002175474660848285
124	0.0021760330879908836
125	0.0021766793516729234
126	0.0021821927045960164
127	0.002183056572794773
128	0.002197191389026142
129	0.002200266574763043
130	0.002215353696371787
131	0.0022170507436699853
132	0.0022193368378824407
133	0.0022244794896751742
134	0.0022338867473542376
135	0.0022464347308636316
136	0.0022464347308636316
137	0.002252891919288734
138	0.0022653160927344645
139	0.002267125272230151
140	0.0022836996299822688
141	0.0022871160880090138
142	0.002298804254387026
143	0.0022997384633896543
144	0.0023015738093798864
145	0.002304045138449519
146	0.0023064962605592963
147	0.0023064962605592963
148	0.002310203454236078
149	0.002311679043465039
150	0.002311679043465039
151	0.002314872998672407
152	0.0023155668852355717
153	0.0023244513331086053
154	0.0023302072869126494
155	0.0023302072869126494
156	0.0023434303915406507
157	0.0023522593394460145
158	0.0023675472540166313
159	0.002371394948132265
160	0.002373230920073475
161	0.0023807301401128707
162	0.0023807301401128707
163	0.002393053488748154
164	0.0024003770537153633
165	0.002408439328693726
166	0.002412235477732569
167	0.0024167896060692377
168	0.0024180134408170054
169	0.002418221867409627
170	0.002418221867409627
171	0.002433657535471364
172	0.002437573588624094
173	0.002446420446286685
174	0.002446420446286685
175	0.002447433349452427
176	0.0024501236703438492
177	0.0024501236703438492
178	0.002452467532913095
179	0.002452467532913095
180	0.0024627062350174155
181	0.0024672140158527663
182	0.002471010319690365
183	0.0024778224310805052
184	0.0024835800772295773
185	0.0024835800772295773
186	0.002484114530368453
187	0.002485261555650494
188	0.002488337798611408
189	0.002493746177942429
190	0.002504986427101109
191	0.002505640437099872
192	0.0025094814205335555
193	0.002513597620933422
194	0.002513860179092435
195	0.0025157555525096263
196	0.0025165979019290082
197	0.0025228089503502213
198	0.0025254419415293005
199	0.002526113615817446
200	0.0025285766747375643
201	0.0025285766747375643
202	0.002528976472802722
203	0.00252943807988697
204	0.002536902441959576
205	0.0025392426036124033
206	0.0025473865038529555
207	0.0025611429089404452
208	0.002564193830429935
209	0.0025683975548953138
210	0.0025708928410211806
211	0.0025708928410211806
212	0.0025713562569172352
213	0.002572776127066558
214	0.002576450659341033
215	0.0025775858860484914
216	0.0025833006019408407
217	0.002594280054273216
218	0.0025956459696966382
219	0.0025956459696966382
220	0.0026014859215408234
221	0.002619329112584359
222	0.002620283381628154
223	0.00262220403477728
224	0.0026241190902826506
225	0.002627943873071653
226	0.002629255598068792
227	0.0026312780164740317
228	0.002633774857496659
229	0.0026370000000000005
230	0.002638906212804515
231	0.0026456131614534415
232	0.002648389699422935
233	0.002648389699422935
234	0.002652965510523779
235	0.002653782583413944
236	0.0026623540335577165
237	0.002668723477619067
238	0.0026701357643344192
239	0.0026733368661610492
240	0.0026733368661610492
241	0.002682015100628722
242	0.002688230830857029
243	0.0026900670995360335
244	0.002692140598115119
245	0.002695871844133884
246	0.0026984486283816206
247	0.0027048040594435706
248	0.0027056422527755894
249	0.0027061932673034706
250	0.0027115473442256184
251	0.0027115473442256184
252	0.002712168505091706
253	0.00271437819766637
254	0.002714905891560175
255	0.0027152173025357757
256	0.0027160458390788865
257	0.0027184799061255403
258	0.002718674125374483
259	0.002721744293648509
260	0.002721744293648509
261	0.002721808406195565
262	0.002722267437264041
263	0.0027224988521555842
264	0.002723060227021142
265	0.0027252614553461806
266	0.0027259512101284592
267	0.002729001648957357
268	0.0027318133171860912
269	0.0027370147971800037
270	0.002747866445079916
271	0.0027504052428714326
272	0.002752760977634177
273	0.0027533401533448337
274	0.0027537561620458086
275	0.0027541134689782953
276	0.0027546749354483493
277	0.0027586020010151313
278	0.0027586020010151313
279	0.0027673606559288355
280	0.002767595526820307
281	0.002767752879142595
282	0.0027738020837818206
283	0.0027738020837818206
284	0.002774315230832453
285	0.00277559435075839
286	0.0027763423780203934
287	0.0027825067834610115
288	0.00278640431380966
289	0.0027867644320941506
290	0.002795911658108075
291	0.0028019996431098947
292	0.0028050497321793666
293	0.0028054693011965548
294	0.0028084189502245974
295	0.0028084189502245974
296	0.0028094163094933003
297	0.0028110199216722525
298	0.0028116139493175995
299	0.0028131761409486288
300	0.002820242720050691
301	0.002821860733631159
302	0.002821860733631159
303	0.0028229009901180593
304	0.002825759543911082
305	0.002825759543911082
306	0.002825774230189602
307	0.002825774230189602
308	0.0028260007077128813
309	0.0028282874677111997
310	0.0028286040726812037
311	0.002829594493908063
312	0.0028334157831100813
313	0.0028388020360686815
314	0.0028402552702110483
315	0.0028470686679486347
316	0.0028511178509483337
317	0.0028511178509483337
318	0.002852369716569923
319	0.002852493821195473
320	0.0028545546062396366
321	0.0028545546062396366
322	0.002855315219031295
323	0.0028559588582437543
324	0.0028584025258820145
325	0.002859883214393711
326	0.0028635699747061993
327	0.0028668102483321726
328	0.0028818886168694388
329	0.002883190246925611
330	0.002883190246925611
331	0.002885553326489416
332	0.002887036716073743
333	0.0028970088021927705
334	0.0029019664022960786
335	0.0029088941197597546
336	0.0029129620663484687
337	0.002915901575839794
338	0.002915901575839794
339	0.00291752514984495
340	0.0029196789207115836
341	0.0029196934770638217
342	0.002922726466843846
343	0.0029253601487615652
344	0.0029275754473556074
345	0.0029275754473556074
346	0.0029288366291000643
347	0.002930583559631019
348	0.002932020634302317
349	0.0029326697734216533
350	0.0029447397168505286
351	0.002946595493111938
352	0.002960839070261992
353	0.002962837997593762
354	0.002962837997593762
355	0.0029633874198328816
356	0.002965015514290035
357	0.002967431380842891
358	0.002967854612340111
359	0.0029734266427748
360	0.0029741091103001973
361	0.002981275230498398
362	0.002981275230498398
363	0.0029817645782301973
364	0.002983579729120128
365	0.002983579729120128
366	0.00299188719707367
367	0.002994140945244749
368	0.002995683728298728
369	0.003013205104201444
370	0.0030162402092708553
371	0.0030249543798230713
372	0.0030264517177720682
373	0.003029316919705644
374	0.003029430474531386
375	0.003032172158699041
376	0.0030352067474907277
377	0.0030353426495208008
378	0.00303739526569031
379	0.003043898979925645
380	0.00304431683632831
381	0.003045568091506004
382	0.003045772480010573
383	0.0030467774779316258
384	0.0030475788751049113
385	0.003053350454830436
386	0.003053350454830436
387	0.003058251134226845
388	0.0030596282453828985
389	0.0030614885268360923
390	0.003071867998466738
391	0.0030745427302340286
392	0.0030750988602001052
393	0.0030785686609109196
394	0.003079166283265307
395	0.0030802869996187938
396	0.0030815965018229836
397	0.0030832088803664412
398	0.003083279098623406
399	0.0030835805486473054
400	0.003085471762957458
401	0.0030896423741295456
402	0.003092238347864319
403	0.0031017082390146357
404	0.0031021935787441377
405	0.0031043906004252276
406	0.0031060099806709636
407	0.0031104687749594156
408	0.0031114385740418343
409	0.0031151714238477303
410	0.003115397887913507
411	0.003118108721649648
412	0.003118638164326174
413	0.003120579753834896
414	0.0031234266439267907
415	0.003123898205766765
416	0.003125680245958564
417	0.0031257647064313714
418	0.0031257647064313714
419	0.003125902909555506
420	0.003125902909555506
421	0.003126578001580677
422	0.0031272930786835356
423	0.0031280001598438197
424	0.0031341608127208416
425	0.0031367642563653476
426	0.0031424870723722412
427	0.0031438233092813787
428	0.00314399999999182
429	0.0031492591192234854
430	0.0031499106336544728
431	0.0031515445419647353
432	0.0031528552139276616
433	0.0031528851866189276
434	0.003155568094651894
435	0.0031568452606941717
436	0.003160558178547367
437	0.0031605994684517835
438	0.003165062400649704
439	0.0031670101041735045
440	0.0031690989255653344
441	0.0031745413841923953
442	0.0031833631586804865
443	0.0031835252472716827
444	0.0031889661334040245
445	0.003189263551352077
446	0.003189263551352077
447	0.003195892989445467
448	0.003195892989445467
449	0.0031960827586307626
450	0.0031960827586307626
451	0.0031975060594234203
452	0.0031984635373871763
453	0.0032185234192125918
454	0.0032216697534076053
455	0.0032223376607672578
456	0.0032233280937543304
457	0.0032278243446585433
458	0.0032294237876048285
459	0.003236907474737144
460	0.003238364556374408
461	0.003239813729209538
462	0.0032414888554499386
463	0.0032416147210885767
464	0.0032428361044038343
465	0.0032432047422248215
466	0.003245256538392065
467	0.0032511716349685593
468	0.00325544175190399
469	0.003257796341087093
470	0.003258399914066481
471	0.0032612834896658185
472	0.0032616670584239243
473	0.0032617029294507195
474	0.0032617029294507195
475	0.003265303967476458
476	0.0032659370783888675
477	0.0032742261681228055
478	0.0032742261681228055
479	0.003275617956969626
480	0.0032759258233396715
481	0.003276602203506901
482	0.003279347496069928
483	0.003288014750568215
484	0.003289074793921866
485	0.0032961621622709988
486	0.0033075406271078286
487	0.0033075406271078286
488	0.003309082199049502
489	0.0033091258664524315
490	0.0033095233795853527
491	0.0033096895624748633
492	0.003312389620804951
493	0.003312389620804951
494	0.0033160488536792226
495	0.003317228059689863
496	0.0033173392952836884
497	0.003317524679632365
498	0.003324204716921154
499	0.0033257866738624258
500	0.003328497709179195
501	0.003338280545440002
502	0.0033390519612612585
503	0.0033422838000347916
504	0.0033443745304631814
505	0.0033451769758842667
506	0.0033477879263867903
507	0.003349574599865992
508	0.003349885520436989
509	0.0033589153011113235
510	0.0033604434231242824
511	0.0033604434231242824
512	0.003364063762775624
513	0.003364344809910521
514	0.0033650893004479486
515	0.0033702921238487377
516	0.003375500555475957
517	0.003376800852884618
518	0.0033786319716719343
519	0.00337949848350175
520	0.0033807398598559198
521	0.0033809893522410064
522	0.00338319745211719
523	0.0033855913811275022
524	0.0033855913811275022
525	0.0033963293421041233
526	0.003396618612680532
527	0.0033975661877257775
528	0.003398680332133135
529	0.0033996242439407916
530	0.0034001542612090933
531	0.0034032984000761488
532	0.003404175377396622
533	0.0034051162975829302
534	0.003405131421836462
535	0.003405131421836462
536	0.003420100144728228
537	0.0034203790725567396
538	0.0034275463527122735
539	0.0034299033514075673
540	0.0034299033514075673
541	0.0034377668623691657
542	0.0034406622908997085
543	0.0034416513478280498
544	0.0034421686478146468
545	0.00344918570099686
546	0.0034518906413722656
547	0.0034524954742909783
548	0.003453755202675094
549	0.003454141427332865
550	0.003454141427332865
551	0.003459571794305411
552	0.003459571794305411
553	0.003459841614871319
554	0.0034601145934803203
555	0.0034611340626984036
556	0.0034630831638837625
557	0.0034640741908858845
558	0.003465108512009215
559	0.003466405198470696
560	0.0034718078863969397
561	0.003476366493910938
562	0.003476552890442404
563	0.0034768406635952245
564	0.0034807254990827383
565	0.0034850655661002863
566	0.0034868416941393485
567	0.0034917860759235736
568	0.0034917860759235736
569	0.0034926117734438056
570	0.003496310340913163
571	0.003496332364065248
572	0.0035059038777485643
573	0.0035131598312645074
574	0.0035138312423969574
575	0.0035161663783104544
576	0.003523080044504175
577	0.0035240119182521758
578	0.0035264492056513203
579	0.0035295802866589527
580	0.0035295802866589527
581	0.003530970688070534
582	0.0035349231957684736
583	0.0035349231957684736
584	0.0035352787725994195
585	0.0035352787725994195
586	0.0035374883745353525
587	0.003544871788929103
588	0.003544871788929103
589	0.0035453623228155367
590	0.003546317808665027
591	0.0035466248744423974
592	0.0035466248744423974
593	0.0035500985901798987
594	0.003552069959899374
595	0.003555468042324971
596	0.0035580507303819278
597	0.0035588922433752996
598	0.003562765498873866
599	0.003576265230665981
600	0.003581074280156039
601	0.0035858562436357987
602	0.0035899360718553695
603	0.0035913987525721
604	0.0035939999999925476
605	0.0035946610410441514
606	0.003595016689808378
607	0.003601013885008471
608	0.003602224312839026
609	0.0036024572169628664
610	0.0036091795466533226
611	0.003610334056562117
612	0.003610334056562117
613	0.003620949737290206
614	0.0036220796512534937
615	0.0036228575737900903
616	0.003626949131157335
617	0.003630100411835515
618	0.0036314081290861515
619	0.0036316724797215544
620	0.0036355269219105844
621	0.0036446467592922034
622	0.0036448443039390223
623	0.003645647404782435
624	0.0036482632854472974
625	0.003650452163779227
626	0.00365492339180585
627	0.0036573263458351533
628	0.0036597281319781824
629	0.0036627380468687264
630	0.003665360555251986
631	0.0036711667082885598
632	0.0036711667082885598
633	0.0036749858503101356
634	0.003677787650206878
635	0.003677787650206878
636	0.0036825472162682906
637	0.0036866646172406025
638	0.0036875493217072308
639	0.003687866185203075
640	0.0036883071997895196
641	0.003688817967852096
642	0.0036904557984027897
643	0.0036933315583695743
644	0.003698832788865984
645	0.003704295479581192
646	0.0037088785366998105
647	0.003713302707833222
648	0.003713883412286279
649	0.003715202417093839
650	0.0037154398124655008
651	0.003715581515722131
652	0.003715581515722131
653	0.0037221720809197593
654	0.0037249323483817516
655	0.0037280189108985897
656	0.0037288460681506384
657	0.0037291889198585097
658	0.003730435497372555
659	0.0037344382442341807
660	0.003742069080062416
661	0.0037436201730475915
662	0.003749900398679883
663	0.003749900398679883
664	0.0037518956542024694
665	0.003753475322953032
666	0.0037585743307840353
667	0.0037594095281105605
668	0.0037739322993382233
669	0.0037740292791617154
670	0.003774652301871897
671	0.0037775898400904634
672	0.0037775898400904634
673	0.0037800616397124557
674	0.0037837458952712107
675	0.0037898290198849593
676	0.0037937386573124766
677	0.0037961206513979495
678	0.0037986435736997717
679	0.0038009819783892587
680	0.003808052126745778
681	0.0038100195537563606
682	0.0038100195537563606
683	0.003810928758185018
684	0.0038159167967804736
685	0.0038164302692470366
686	0.003817905446702594
687	0.003817905446702594
688	0.003818489884753365
689	0.003820325902329598
690	0.0038219581368792387
691	0.0038221943958959867
692	0.003823857999455392
693	0.0038260690009507626
694	0.0038284754145720542
695	0.0038284754145720542
696	0.003829253843771706
697	0.0038318990070206204
698	0.003841299910192843
699	0.0038435079029401566
700	0.003846203452751418
701	0.0038482788360525376
702	0.0038570133523129525
703	0.0038570133523129525
704	0.003857683372184159
705	0.0038587337301268588
706	0.003860796938447233
707	0.0038634504008759622
708	0.003864373946716191
709	0.0038760353455616686
710	0.0038780214027211756
711	0.0038793092168600786
712	0.0038813143392365263
713	0.0038839522396669273
714	0.0038839522396669273
715	0.0038875957865999087
716	0.003888436446696528
717	0.003891868445874181
718	0.003898546524032109
719	0.003898546524032109
720	0.0038990866879278353
721	0.0038991266970959003
722	0.0039004433081411835
723	0.0039006308464045385
724	0.003902796048992006
725	0.003906507519513956
726	0.003907574311512677
727	0.003907574311512677
728	0.003911129760057226
729	0.003911220014264394
730	0.003911587529380385
731	0.00391563660213164
732	0.003921751904439062
733	0.0039242055246997065
734	0.0039242055246997065
735	0.003930729194435756
736	0.003932076423470581
737	0.00393289409976688
738	0.003933993899335438
739	0.003935952870655203
740	0.003936156119865713
741	0.003939647826899224
742	0.003940645886143494
743	0.003942958280279032
744	0.003944679961675375
745	0.003946608924124775
746	0.00394854264254167
747	0.003951092254044642
748	0.003951832233287986
749	0.0039536693083772854
750	0.003955966253645974
751	0.003956164935899475
752	0.003958533693172132
753	0.0039597494870261245
754	0.003963935670520506
755	0.0039671739311537444
756	0.003968226934041331
757	0.003968226934041331
758	0.003972183530500843
759	0.003973218594539054
760	0.0039743047190675795
761	0.003976322924512667
762	0.003976937766676124
763	0.0039787712927543024
764	0.003983658870937169
765	0.003987193624594837
766	0.003990817585408242
767	0.003991395745854708
768	0.003993108688721466
769	0.003996486707093065
770	0.003996486707093065
771	0.004003346849812172
772	0.004003996253756375
773	0.004013631024400744
774	0.0040227757829665155
775	0.004027585504991206
776	0.004028451811803216
777	0.004029342378106191
778	0.004029929279776312
779	0.004032089780734914
780	0.004032089780734914
781	0.004033249930265548
782	0.004037749868430058
783	0.004038483007263098
784	0.004040575454066078
785	0.004045086525655864
786	0.004046225401533821
787	0.004046225401533821
788	0.004054956719870584
789	0.004054956719870584
790	0.0040557435816360975
791	0.004056296463527067
792	0.004056569979672368
793	0.004058130727314542
794	0.004058733299932671
795	0.00406264015142885
796	0.004068619544761983
797	0.004069502795187489
798	0.004069502795187489
799	0.004069873708115176
800	0.00407631954096547
801	0.00407631954096547
802	0.0040795677467064875
803	0.004082317234128569
804	0.004090172734734784
805	0.004095787348000983
806	0.004096655831286492
807	0.0041011823904818735
808	0.004102891785060737
809	0.004103761445312117
810	0.004107133793778136
811	0.004108316565214458
812	0.004113258683814132
813	0.004118941247462649
814	0.004118941247462649
815	0.0041201656520173675
816	0.004120831105493991
817	0.004124596101438834
818	0.004125658250517039
819	0.004125658250517039
820	0.004129004359405694
821	0.0041294738163583575
822	0.004129606518787855
823	0.004133231181526798
824	0.004135330942013446
825	0.004136028046329391
826	0.0041423973735037695
827	0.004149036755678725
828	0.004149572508102958
829	0.004149572508102958
830	0.004150836060364201
831	0.004152928846006489
832	0.0041550515038884395
833	0.004156716492622889
834	0.004159762733622615
835	0.0041648170427941
836	0.004165576310666252
837	0.004168184376923475
838	0.0041691711406490126
839	0.004170921361032972
840	0.004173393822779732
841	0.004176914291673138
842	0.004176914291673138
843	0.004179361913016942
844	0.004182330570390031
845	0.00418627913545906
846	0.00418627913545906
847	0.0041901723115010765
848	0.004195635827865657
849	0.0041966141113969286
850	0.00419775713923231
851	0.0041981668618561166
852	0.0041981668618561166
853	0.004202220365482543
854	0.004202693541048825
855	0.004202693541048825
856	0.004202723521714527
857	0.004209074007427924
858	0.004209074007427924
859	0.0042092660880423075
860	0.004212889981951867
861	0.004215619764633856
862	0.004218697903382403
863	0.004219552227432765
864	0.004221792154996581
865	0.004228586170339652
866	0.004236638407977415
867	0.004236705913799957
868	0.0042383904964048
869	0.0042383904964048
870	0.004245879178685068
871	0.004246132004544971
872	0.004246975982972112
873	0.00425056537416641
874	0.004251569710119225
875	0.004257081159669612
876	0.004260254687223457
877	0.004264181164065257
878	0.004268445735861864
879	0.004270656272750888
880	0.004286129839373292
881	0.004286129839373292
882	0.0042906645173000834
883	0.004291444745074261
884	0.004292655355375082
885	0.004294599049964211
886	0.004307518659275647
887	0.00430933045843862
888	0.004310393253525137
889	0.0043110909292246105
890	0.004313512837573341
891	0.0043155747010141556
892	0.004317964566785701
893	0.0043180240851520444
894	0.004318156087957355
895	0.004318711150327033
896	0.004318711150327033
897	0.004318872538064515
898	0.004321008794246681
899	0.0043252791817422
900	0.004326085066195662
901	0.004326513607979469
902	0.004333294935725106
903	0.0043340194969566535
904	0.004334569067391358
905	0.0043369764813759185
906	0.004337072053823654
907	0.004339473931247731
908	0.004340118546773173
909	0.004348594830519098
910	0.004349310864950881
911	0.004350409865741796
912	0.004352312718546011
913	0.004354494804224442
914	0.004359758250184741
915	0.00436083352124689
916	0.00436151223774133
917	0.00436374162846553
918	0.004369001831079206
919	0.004375423408079807
920	0.004379079812021454
921	0.004388880608993925
922	0.004390637880767851
923	0.004391177063158493
924	0.004395990559593587
925	0.004397087217691722
926	0.004398034219964463
927	0.004405053915687622
928	0.0044059492734258646
929	0.0044081311232816904
930	0.004413823059431817
931	0.004415368274565417
932	0.004417483559674606
933	0.0044186976588156185
934	0.004420201352877811
935	0.004422508903327954
936	0.004425790324901013
937	0.004431907264365503
938	0.0044400275900028496
939	0.00444135587404859
940	0.004452712656341153
941	0.004455431404477107
942	0.004457401933859651
943	0.004460670129026839
944	0.00446147116991825
945	0.004465980855308936
946	0.0044667307955694995
947	0.004467616926289269
948	0.00447039863994296
949	0.004471117198197156
950	0.004471195813196658
951	0.00447861864864385
952	0.004482119253203927
953	0.004482436948805094
954	0.004482827790575738
955	0.004482827790575738
956	0.004483438970261134
957	0.004491929874776474
958	0.004493649073964569
959	0.004496783850708864
960	0.004502431565279571
961	0.004503087052233982
962	0.0045045835545606955
963	0.004506391017211829
964	0.0045073824998535725
965	0.00450742498550947
966	0.004508244225868648
967	0.004509483895088319
968	0.004512577201554166
969	0.004514355878754197
970	0.004514355878754197
971	0.004514382571293554
972	0.004515844328586773
973	0.004518037737779707
974	0.004518308754392894
975	0.0045221200780175
976	0.004533074232790897
977	0.00453549644470993
978	0.0045367179766857045
979	0.004546372290077685
980	0.00455064753634035
981	0.00455158225236203
982	0.004554294017734554
983	0.004554473076001589
984	0.004554762891748653
985	0.004569633683356361
986	0.004573602518798142
987	0.004583499209124801
988	0.004583499209124801
989	0.004583751520315187
990	0.004584017888271853
991	0.004584771531932428
992	0.004586058983492594
993	0.00458847872393432
994	0.0045932869494506555
995	0.0046035291896509385
996	0.004604392359478422
997	0.004605115090849131
998	0.004608353393566778
999	0.004608353393566778
1000	0.004613296001779021
1001	0.004616974117317956
1002	0.004618240465807321
1003	0.004619741334748459
1004	0.0046202715288144154
1005	0.004622018822980703
1006	0.004628455681981762
1007	0.004636509462948694
1008	0.004636509462948694
1009	0.004640679260629977
1010	0.004642047500835288
1011	0.004643161530679335
1012	0.004647006993751847
1013	0.004647006993751847
1014	0.00464870788499932
1015	0.004650644041412016
1016	0.004653008166780335
1017	0.004661787854461409
1018	0.00466524704597506
1019	0.004665976960940346
1020	0.004666169413976426
1021	0.004670057173095338
1022	0.004670057173095338
1023	0.00467232811347506
1024	0.004674465958792867
1025	0.004674465958792867
1026	0.004676099763698166
1027	0.00468059024055597
1028	0.004682056492614023
1029	0.004683109330342307
1030	0.004688796007500824
1031	0.004691008953304728
1032	0.00469120240451112
1033	0.0046923819111408535
1034	0.0046955642898384164
1035	0.004697633872499116
1036	0.004698757814575496
1037	0.00469982127320286
1038	0.004701485403572487
1039	0.0047046207073451075
1040	0.004706056204520974
1041	0.004712065364571257
1042	0.0047158271808917535
1043	0.004717540990807768
1044	0.004718833966142882
1045	0.004721170723453138
1046	0.004723151172682242
1047	0.004723151172682242
1048	0.004728656574544189
1049	0.004732099428374427
1050	0.004733729290950158
1051	0.004733820866908535
1052	0.004733926066168146
1053	0.004735394070195849
1054	0.004738317211839497
1055	0.004740277734477349
1056	0.004748225984512261
1057	0.0047491431858851674
1058	0.004750540706067177
1059	0.004750540706067177
1060	0.0047546841114874455
1061	0.004757890814212753
1062	0.0047599739495088255
1063	0.00476562545738523
1064	0.004768300535828991
1065	0.004772985019876063
1066	0.004775346793688219
1067	0.004776244968585473
1068	0.004776578273195213
1069	0.004783313600424262
1070	0.00478392359889302
1071	0.004789941335757714
1072	0.004790566146082483
1073	0.004793310442692055
1074	0.0047961255196226505
1075	0.004803640806719388
1076	0.004813302920027686
1077	0.004813493741558167
1078	0.004818970844481017
1079	0.0048217263505953255
1080	0.004825526810621524
1081	0.004825637056385362
1082	0.004826914749601741
1083	0.0048313319074565104
1084	0.0048318051492151105
1085	0.004832084643290124
1086	0.004832664275527571
1087	0.004837422144079394
1088	0.004837497390186168
1089	0.004838363462990377
1090	0.0048390333745491195
1091	0.004841492022095236
1092	0.004846724357743179
1093	0.004849295722062012
1094	0.004849295722062012
1095	0.004850039278189793
1096	0.0048516624985687215
1097	0.0048517494782764755
1098	0.004855209161297111
1099	0.004857366055784808
1100	0.004860990536920575
1101	0.004861330887728537
1102	0.0048634154665171585
1103	0.004867864932402989
1104	0.004871389534829384
1105	0.004873132975816237
1106	0.004873132975816237
1107	0.004875792653506343
1108	0.00487588720131734
1109	0.004878245791264953
1110	0.004880573941658598
1111	0.004883660205216437
1112	0.004884756902848387
1113	0.004885120776398825
1114	0.004887152647501468
1115	0.004891386817667188
1116	0.004891799771047021
1117	0.004895701175522636
1118	0.004899329341850263
1119	0.004900271216978435
1120	0.0049015346576367904
1121	0.004905081548759887
1122	0.0049109490936030415
1123	0.004911146200229307
1124	0.004911146200229307
1125	0.004911198835311812
1126	0.004911198835311812
1127	0.004911588032387679
1128	0.004913560826942853
1129	0.004914066340623797
1130	0.004916409462202006
1131	0.004919243132839013
1132	0.004919891258953735
1133	0.004922261472126719
1134	0.004923095469317136
1135	0.004923975731055483
1136	0.004925056344856551
1137	0.004929071717875768
1138	0.004931772298068183
1139	0.004931772298068183
1140	0.004931930453688157
1141	0.004938587753595587
1142	0.004939648266834028
1143	0.004942293495939092
1144	0.004942293495939092
1145	0.004949354907453921
1146	0.004949960100851346
1147	0.004955692988882727
1148	0.004960296462914692
1149	0.004960371155473827
1150	0.004966009464346277
1151	0.004967856378766486
1152	0.004975693419012481
1153	0.004981991569641907
1154	0.004981991569641907
1155	0.004984242570340891
1156	0.004985708074086263
1157	0.004985708074086263
1158	0.004987038499955682
1159	0.0049963399603992036
1160	0.004996889532495838
1161	0.004999194435108812
1162	0.005001800575792194
1163	0.005005399484559182
1164	0.005006629604820951
1165	0.005012750243129906
1166	0.005014558205864392
1167	0.005019529161176223
1168	0.005022141475507718
1169	0.005023829017785867
1170	0.0050251139290540805
1171	0.0050260608830370885
1172	0.005026391946523279
1173	0.005033032187470793
1174	0.00503505491528993
1175	0.005037547419125879
1176	0.005038731983346547
1177	0.005041262738639131
1178	0.005041639911782656
1179	0.005043865283691275
1180	0.005045845023384932
1181	0.0050482187947784776
1182	0.005048868784195717
1183	0.005051368329467334
1184	0.005051562629524455
1185	0.005059783098106809
1186	0.005061529907052466
1187	0.0050643010376537215
1188	0.005066495534387794
1189	0.005070129485526401
1190	0.005073460850343912
1191	0.005073460850343912
1192	0.0050742487128656475
1193	0.005075774817705367
1194	0.00507695784894758
1195	0.005077925265305775
1196	0.005084217245547417
1197	0.005086739623768507
1198	0.005098106315096915
1199	0.005104689706527627
1200	0.005113098864676204
1201	0.005118129443465423
1202	0.005121776644878896
1203	0.005123593465528971
1204	0.00512807507745514
1205	0.00512807507745514
1206	0.005130001559452847
1207	0.005130015691984298
1208	0.005131783802927574
1209	0.005131912411556891
1210	0.005134418175408544
1211	0.0051397470754914135
1212	0.005141031997568252
1213	0.005143538956791263
1214	0.00514835711658566
1215	0.0051485187190063
1216	0.0051485187190063
1217	0.005148800248600809
1218	0.005150493277355527
1219	0.005150493277355527
1220	0.005151164916788886
1221	0.005152495026685688
1222	0.005152781093734802
1223	0.005153351239726078
1224	0.005153821203738006
1225	0.00515772139612057
1226	0.00515931012830118
1227	0.005160567798206605
1228	0.00516572957092715
1229	0.005170843741589415
1230	0.005170857279021898
1231	0.005171062753437905
1232	0.005175786896687552
1233	0.005181508757107029
1234	0.0051826325356955985
1235	0.005187299297324079
1236	0.005190611717324393
1237	0.005190611717324393
1238	0.00519275081243114
1239	0.00519275081243114
1240	0.005194484863771994
1241	0.00520153842627012
1242	0.0052022112605982825
1243	0.005203091388779557
1244	0.005203091388779557
1245	0.005204568185736388
1246	0.005207349517744412
1247	0.005212781311349881
1248	0.005214792996853441
1249	0.005225760231774932
1250	0.005226631132956496
1251	0.005231260364387118
1252	0.005232141148706822
1253	0.0052369293483914515
1254	0.005244196125240345
1255	0.005244980552865088
1256	0.0052461681254045624
1257	0.0052461681254045624
1258	0.005246310799026309
1259	0.00524649492518626
1260	0.0052473975454507965
1261	0.0052473975454507965
1262	0.005263999430084791
1263	0.005269258486740484
1264	0.005270037950526214
1265	0.005270132541027545
1266	0.005270769298689265
1267	0.005272756869033225
1268	0.005282537647757862
1269	0.005286206673971877
1270	0.0052869064678695765
1271	0.0052901925295774
1272	0.0052910932707690966
1273	0.005291114249371711
1274	0.0052935486207242345
1275	0.005297070888709405
1276	0.0052980149112659735
1277	0.005302497241862316
1278	0.005309328017744202
1279	0.005313475792738036
1280	0.005314138594354744
1281	0.0053142707872242435
1282	0.005315842172228256
1283	0.005316407151453968
1284	0.005324609375348544
1285	0.005327041955909282
1286	0.005327365202422028
1287	0.005328168540878523
1288	0.005328168540878523
1289	0.0053307449760767655
1290	0.005336647074702027
1291	0.005340454662290589
1292	0.005340454662290589
1293	0.005344427565234722
1294	0.005346626974079624
1295	0.005356734266326372
1296	0.005358784377079627
1297	0.005365476493283112
1298	0.005366263877224204
1299	0.005367047978176186
1300	0.0053759482884393455
1301	0.0053801505555162625
1302	0.0053801505555162625
1303	0.005380287445854437
1304	0.0053876200682671715
1305	0.00538836264554645
1306	0.005393418674646487
1307	0.005393418674646487
1308	0.00539378994771195
1309	0.005395661683245001
1310	0.005395808187840183
1311	0.005397800014819454
1312	0.00539865214660065
1313	0.005399616653052842
1314	0.005402435099097211
1315	0.005410917112645263
1316	0.005412641868809239
1317	0.005413007481984265
1318	0.005420442140633914
1319	0.005424876864965811
1320	0.005426939100451095
1321	0.00543098563798308
1322	0.005431833300086919
1323	0.005433099483716353
1324	0.005433099483716353
1325	0.005433470345920296
1326	0.005440659243139913
1327	0.005442224728908667
1328	0.005444662891316263
1329	0.005444756192894286
1330	0.005453479714818882
1331	0.005458011084633861
1332	0.005461802815926596
1333	0.0054619117532301266
1334	0.005461975649888307
1335	0.005463245372476741
1336	0.005471029153639787
1337	0.0054711454924854935
1338	0.005472093931945465
1339	0.005472093931945465
1340	0.00547525360143164
1341	0.0054825309848571336
1342	0.005484983591585612
1343	0.005484983591585612
1344	0.005485353589330464
1345	0.005492577628038175
1346	0.00549498116466107
1347	0.005495601331971728
1348	0.005495601331971728
1349	0.005498286005659246
1350	0.005501284395473858
1351	0.005501475074924155
1352	0.005502558768430763
1353	0.005508098219897156
1354	0.005508098219897156
1355	0.005510740240661853
1356	0.005518104747101705
1357	0.005518104747101705
1358	0.0055226009270932215
1359	0.005527799290850181
1360	0.005529278162656612
1361	0.0055311381288097525
1362	0.005532089117141777
1363	0.005532573542211976
1364	0.005538078005947648
1365	0.005538515053695063
1366	0.005538515053695063
1367	0.005539034211849779
1368	0.005542000000005487
1369	0.005543225144266572
1370	0.005543225144266572
1371	0.005544303923838446
1372	0.005544303923838446
1373	0.005547485196013346
1374	0.00554777108396071
1375	0.00554792799160487
1376	0.005548985582963186
1377	0.005548985582963186
1378	0.005551116734501427
1379	0.005552004682998139
1380	0.005552977759726044
1381	0.005552977759726044
1382	0.005556778293218469
1383	0.005556921629820749
1384	0.005564903682899017
1385	0.005566027757750924
1386	0.005568059087334997
1387	0.0055685935387695595
1388	0.005577292981366989
1389	0.005578537890881563
1390	0.0055800754475117936
1391	0.005580360651431441
1392	0.00558057962939117
1393	0.00558057962939117
1394	0.005589956887130596
1395	0.005591153458821684
1396	0.005591153458821684
1397	0.005593212493728632
1398	0.005593317620163412
1399	0.005596396161816661
1400	0.005598307780040824
1401	0.005598307780040824
1402	0.005600388557952486
1403	0.005603751778950864
1404	0.005614123707220983
1405	0.005615084416103734
1406	0.0056207339378437195
1407	0.0056221293119231314
1408	0.005634059460107258
1409	0.005635348170256615
1410	0.005641629906332973
1411	0.005641629906332973
1412	0.005642798064786451
1413	0.005655811612851343
1414	0.005656809878360833
1415	0.005658865699055442
1416	0.005663151419485302
1417	0.005666327558486924
1418	0.00566801270287749
1419	0.005668951666746233
1420	0.005669712514762016
1421	0.005672789878009869
1422	0.005673145511961127
1423	0.0056732574417187424
1424	0.0056732574417187424
1425	0.00568118306341125
1426	0.00568118306341125
1427	0.0056881544458711585
1428	0.0056912172687362105
1429	0.00569374850164253
1430	0.005694830375005686
1431	0.005696631987408855
1432	0.005701486209743858
1433	0.005701757097594496
1434	0.005711506018557146
1435	0.005712115982716717
1436	0.005715390625316683
1437	0.005723038441246132
1438	0.005725544952231093
1439	0.005727833796475832
1440	0.005730074432319847
1441	0.0057366883303871284
1442	0.00573757518469099
1443	0.005739944337708014
1444	0.005743152096186569
1445	0.005743366260303178
1446	0.005748636447023588
1447	0.005748636447023588
1448	0.005750332946871399
1449	0.005752304060114223
1450	0.005754297958907133
1451	0.005755145523782782
1452	0.005757728024150347
1453	0.005762639412636693
1454	0.005766472838745411
1455	0.005766855122157156
1456	0.005768552331386575
1457	0.005768552331386575
1458	0.00577992499950831
1459	0.005781755183335587
1460	0.0057865824974724315
1461	0.005788841766700906
1462	0.005791593908415554
1463	0.005792074326180784
1464	0.00579390412416678
1465	0.005793934500836678
1466	0.005798306649358058
1467	0.0058153841661506035
1468	0.005819230275557883
1469	0.00582073543463682
1470	0.005821305437787857
1471	0.005823901183917363
1472	0.005827470463250375
1473	0.005827470463250375
1474	0.005833255351854288
1475	0.005833255351854288
1476	0.00583615935354795
1477	0.005836969247830908
1478	0.005837635822835476
1479	0.005840641060701152
1480	0.005843441622876095
1481	0.00584587966007081
1482	0.005846540943154277
1483	0.005853506470486016
1484	0.005858731603345796
1485	0.005861596113687085
1486	0.0058633145063196205
1487	0.0058633145063196205
1488	0.0058640335947150925
1489	0.00586836919424996
1490	0.005871377776981416
1491	0.005871825099569739
1492	0.005875230123148672
1493	0.005876344186651622
1494	0.005876424933581268
1495	0.005880551844847294
1496	0.005883091194258528
1497	0.005885279942362864
1498	0.005887136910247647
1499	0.00589804204799766
1500	0.0059009444159443475
1501	0.005901077867646744
1502	0.005904314778195948
1503	0.005912050236590665
1504	0.0059129851175177255
1505	0.0059136765214212765
1506	0.00591498377005231
1507	0.005918625262673446
1508	0.005921843125254143
1509	0.005928406952977904
1510	0.005928406952977904
1511	0.005930964929928016
1512	0.005933819343389345
1513	0.005946473408669952
1514	0.005946567581389962
1515	0.00595198118276374
1516	0.005952420432059701
1517	0.005964517164028019
1518	0.0059679477209466395
1519	0.005974791209748432
1520	0.005977239496623303
1521	0.005983117665568063
1522	0.00598492255588802
1523	0.005989100516770343
1524	0.005991637505724715
1525	0.005994735023332409
1526	0.0059960301033227985
1527	0.00599738359619376
1528	0.00599738359619376
1529	0.006000988251944641
1530	0.006014144411300976
1531	0.006014144411300976
1532	0.006014270113662186
1533	0.006021021258894623
1534	0.0060351511165742345
1535	0.006038213146281914
1536	0.006041412169355043
1537	0.006043046417165971
1538	0.00604423245747697
1539	0.006044772369569699
1540	0.006046970315782933
1541	0.006046970315782933
1542	0.006048780538244149
1543	0.006048893121881445
1544	0.006050270820385495
1545	0.006055060197878752
1546	0.006056120953221158
1547	0.006060734773929701
1548	0.006061187342423481
1549	0.0060636797408745655
1550	0.006074328440244224
1551	0.006076789448382554
1552	0.006077394918875025
1553	0.006081038480388151
1554	0.006081038480388151
1555	0.006081720562472675
1556	0.006082347079868914
1557	0.006088067427352581
1558	0.006090564834237588
1559	0.006094763736192527
1560	0.0060986986316791565
1561	0.0061002361429697135
1562	0.006102479004469388
1563	0.006107062960214552
1564	0.006110887987836089
1565	0.006111148664532887
1566	0.006111834830893149
1567	0.006113567289236173
1568	0.006117322290022936
1569	0.006122811854045233
1570	0.00612504212231013
1571	0.00612504212231013
1572	0.006126957891163821
1573	0.006126957891163821
1574	0.006129466045256026
1575	0.0061315392031706575
1576	0.0061324872604813134
1577	0.006138286568743021
1578	0.006138286568743021
1579	0.00614167770238644
1580	0.0061439095045434725
1581	0.006147849217403014
1582	0.006152396768746833
1583	0.006156789098219275
1584	0.006163080560892241
1585	0.006164689205469822
1586	0.006164997729113664
1587	0.006169811180255616
1588	0.006173784900695719
1589	0.006178998786212393
1590	0.006183593534506011
1591	0.006185611125823613
1592	0.006185611125823613
1593	0.006187715652812769
1594	0.006189291558813182
1595	0.006193616471823709
1596	0.006198194656502178
1597	0.006198194656502178
1598	0.006205209182601937
1599	0.006210581695784803
1600	0.006210992996294613
1601	0.00622626196043555
1602	0.006233420008309184
1603	0.006238546305038285
1604	0.006239104102352388
1605	0.006241540915512978
1606	0.006243929852270367
1607	0.006243929852270367
1608	0.006244567639152093
1609	0.006245955251196668
1610	0.0062481493259920265
1611	0.00624986247849324
1612	0.006255904810662021
1613	0.006267185412926928
1614	0.006269910126955525
1615	0.006273246049684746
1616	0.006276625367184748
1617	0.006278504599024335
1618	0.0062802179102391656
1619	0.0062802179102391656
1620	0.006290017885514169
1621	0.00629560362475459
1622	0.00629805406454074
1623	0.006305991119563347
1624	0.006307485156538271
1625	0.006325033833909954
1626	0.006340298100247941
1627	0.006347434836215264
1628	0.006360070754320957
1629	0.0063720471592744726
1630	0.006373826794006442
1631	0.0063785180096901095
1632	0.0063837106763974276
1633	0.0063909176180015626
1634	0.0064031511773489464
1635	0.006408517535284008
1636	0.006409622297762992
1637	0.006413596962710884
1638	0.006428001400126428
1639	0.006433946378396955
1640	0.006444063469581196
1641	0.006448774224607155
1642	0.006449504554616001
1643	0.006450549433961777
1644	0.006456011926887152
1645	0.00645669172255255
1646	0.00647037865971495
1647	0.00647185637974873
1648	0.00647185637974873
1649	0.006475634331868335
1650	0.006483240007895604
1651	0.006485481632077284
1652	0.006494314128535149
1653	0.006494582357629184
1654	0.0065011557434145485
1655	0.006507101966312957
1656	0.006507776962993565
1657	0.006511995239560437
1658	0.00651426158516209
1659	0.00651426158516209
1660	0.006523466869692558
1661	0.006525431020245216
1662	0.006534357275206292
1663	0.006539006728856467
1664	0.0065395016629700336
1665	0.006542803451124879
1666	0.006545531987541555
1667	0.006546486844101332
1668	0.006546880860373253
1669	0.006547056514184277
1670	0.0065540561486759795
1671	0.0065588268005757795
1672	0.006572987524711315
1673	0.006575984336963363
1674	0.006575984336963363
1675	0.006589230076417725
1676	0.006592628686640594
1677	0.006599795451374899
1678	0.006603532766628664
1679	0.006606855379079065
1680	0.0066106812054468065
1681	0.00661822453532893
1682	0.00661822453532893
1683	0.006625175997673591
1684	0.0066354822733429505
1685	0.006641364468240502
1686	0.006644736413128259
1687	0.006652065243219633
1688	0.00665357024460924
1689	0.006663097252782796
1690	0.006670441814453668
1691	0.006679122172852692
1692	0.006687808759231415
1693	0.006688082086815347
1694	0.006691199145151066
1695	0.006697716028619192
1696	0.006709152032861572
1697	0.006713583916208818
1698	0.006723614578481441
1699	0.006724730849629806
1700	0.006731733877693242
1701	0.006734665544776361
1702	0.00674822361810353
1703	0.006750030592523612
1704	0.006750549385051889
1705	0.0067516972680845295
1706	0.006761010649303069
1707	0.006773960141605553
1708	0.006773960141605553
1709	0.006779252244906963
1710	0.006793109008410324
1711	0.006803373060469513
1712	0.0068301063681344585
1713	0.006830198386575463
1714	0.006840718456419074
1715	0.006850122699631048
1716	0.006858725829189205
1717	0.006865811532519424
1718	0.0068722051773790985
1719	0.006873591564822487
1720	0.006875191633687055
1721	0.0068768121248223586
1722	0.0068824765891373875
1723	0.0068824765891373875
1724	0.006884369106894646
1725	0.006884675300979469
1726	0.0068858570998912415
1727	0.0068858570998912415
1728	0.0068877562384201075
1729	0.006892428091753702
1730	0.006896053509072354
1731	0.006896053509072354
1732	0.006907691727351164
1733	0.0069186406179183365
1734	0.006933284647262939
1735	0.006938157176084949
1736	0.0069452033807503874
1737	0.006945886912409883
1738	0.006971758243075648
1739	0.006971758243075648
1740	0.006989926036804299
1741	0.0069918067765099975
1742	0.007009600273909288
1743	0.007012852486690075
1744	0.007014327694083206
1745	0.007014450869457362
1746	0.0070181325863775835
1747	0.007030077737832701
1748	0.007035018194721295
1749	0.007038815951561108
1750	0.007040936656442609
1751	0.00704258226788833
1752	0.007048031285403378
1753	0.007057645570583954
1754	0.0070577280338656135
1755	0.007073244375818978
1756	0.0070806511000047635
1757	0.007082378484663142
1758	0.007085548108647188
1759	0.007088264173974338
1760	0.007094657215118236
1761	0.007100854737283776
1762	0.007101856729052467
1763	0.007102685196458513
1764	0.007109980731348857
1765	0.007110009985924662
1766	0.007111642356012524
1767	0.0071130534231097714
1768	0.007116443845063156
1769	0.007122602052626708
1770	0.007123520758729716
1771	0.007123520758729716
1772	0.0071261055282532135
1773	0.007128000631307578
1774	0.007131974831694188
1775	0.0071338461575819025
1776	0.007142998390033608
1777	0.007150512499111564
1778	0.007154144253502803
1779	0.007155019846242352
1780	0.007163064288409325
1781	0.007165051290814426
1782	0.0071675806238935555
1783	0.0071829328968058825
1784	0.0071829328968058825
1785	0.007209647217450793
1786	0.007212992998747514
1787	0.007213907748228968
1788	0.007213907748228968
1789	0.007222823339938981
1790	0.007224544968376124
1791	0.007228477363876764
1792	0.007228869137011456
1793	0.007232779894339311
1794	0.007259223994341605
1795	0.007260652381150499
1796	0.007271002406819097
1797	0.007276507197827535
1798	0.007281297137182066
1799	0.007287975096013875
1800	0.007289339750625199
1801	0.007293729909999641
1802	0.007295977247766154
1803	0.007297662365444015
1804	0.007299720816576506
1805	0.007313958845935096
1806	0.00731984371417963
1807	0.007321158719767161
1808	0.0073224870092097345
1809	0.007322508040280654
1810	0.0073377320746946095
1811	0.007344513734747462
1812	0.007352298280128006
1813	0.007352298280128006
1814	0.007355261042278002
1815	0.007369637779428782
1816	0.007375647564783695
1817	0.007377820070987658
1818	0.00738072794512555
1819	0.0073974802466818925
1820	0.007399407341132829
1821	0.0074124462898510594
1822	0.0074167562990937914
1823	0.007418412363850134
1824	0.007418862783473404
1825	0.00742018544242789
1826	0.007426470494120296
1827	0.007434538654142836
1828	0.007439920026441439
1829	0.007441638058923618
1830	0.007445279645521212
1831	0.007447057405445839
1832	0.0074519667202783335
1833	0.007466770453151884
1834	0.0074720375400574085
1835	0.007472612662245693
1836	0.00747544313067536
1837	0.007478818957564572
1838	0.0075055257643993735
1839	0.0075122383481908885
1840	0.007524808103870086
1841	0.007524808103870086
1842	0.007550784992305705
1843	0.0075641023922257775
1844	0.007573904937342149
1845	0.007591732147543497
1846	0.00759779658848593
1847	0.007603345053338611
1848	0.007611204503887888
1849	0.007611922884526282
1850	0.007611922884526282
1851	0.007617360303932202
1852	0.007622469744111881
1853	0.007623181750417665
1854	0.0076258212016763385
1855	0.007630086369104237
1856	0.007632544267804943
1857	0.0076356313425999505
1858	0.007641959565447286
1859	0.0076490058177494
1860	0.007652138263252824
1861	0.007675393475255801
1862	0.007675393475255801
1863	0.007675821845260346
1864	0.007680831465411785
1865	0.007680968949300431
1866	0.007687033888315384
1867	0.00770767364384112
1868	0.007709113113707966
1869	0.007710007263299498
1870	0.007711248472200414
1871	0.007714982112747332
1872	0.0077236557406529915
1873	0.0077236557406529915
1874	0.007727698881297447
1875	0.007729076594264225
1876	0.00773437941918878
1877	0.007748377701168442
1878	0.0077530727456956
1879	0.007765771629397688
1880	0.00778448206368757
1881	0.00778448206368757
1882	0.007785963845282377
1883	0.007797766346844491
1884	0.007817596817443187
1885	0.007824611491950947
1886	0.007832848843178098
1887	0.007841430800563005
1888	0.00785600006363527
1889	0.007862541128667784
1890	0.007870933362696377
1891	0.007870933362696377
1892	0.007876451612244146
1893	0.007877436448501224
1894	0.007877436448501224
1895	0.007885940146877041
1896	0.007895287011875404
1897	0.007901961528631018
1898	0.007922668805393112
1899	0.007922668805393112
1900	0.00792739869061457
1901	0.007952090165485428
1902	0.00795212430737705
1903	0.007952559650838045
1904	0.007957022118864192
1905	0.007958713086922581
1906	0.00796080353984629
1907	0.007963969110932542
1908	0.007964476693410005
1909	0.00796712457540291
1910	0.007972593680857818
1911	0.007975424377420005
1912	0.007995381479329848
1913	0.007995830163291785
1914	0.008015869509914656
1915	0.008022714004622932
1916	0.008025740152785918
1917	0.008041435506175094
1918	0.008041435506175094
1919	0.008047856484803691
1920	0.008060538195426953
1921	0.008068418990114982
1922	0.008068418990114982
1923	0.008071508718949757
1924	0.008071508718949757
1925	0.008103055287977225
1926	0.008105717118187526
1927	0.008128299330117918
1928	0.008133769728732617
1929	0.008140713113726241
1930	0.008169811809339218
1931	0.008193553868743481
1932	0.008197343533122296
1933	0.008212675203598242
1934	0.008240741774873583
1935	0.008244707999680372
1936	0.008252898278790893
1937	0.00828359463034724
1938	0.00831921636934648
1939	0.008322096130175195
1940	0.008328452737452415
1941	0.0083355263781059
1942	0.008361708497676102
1943	0.00836561772972538
1944	0.00837125802970901
1945	0.008384813235837603
1946	0.008389201869073108
1947	0.008393770845100191
1948	0.008403498319140806
1949	0.008403868156984342
1950	0.00840402308422556
1951	0.00840683537367078
1952	0.008412670503470774
1953	0.008416620996569599
1954	0.00841949885682288
1955	0.00842141674541744
1956	0.0084280297222963
1957	0.008431325933676475
1958	0.008451709886173817
1959	0.008451709886173817
1960	0.008465002835199997
1961	0.008465002835199997
1962	0.00846624976007885
1963	0.00849309013257244
1964	0.008494125263973227
1965	0.00849894675827754
1966	0.008502576668278748
1967	0.008514584252924184
1968	0.0085160084546755
1969	0.008545162432630296
1970	0.008547544676680945
1971	0.008557113765749549
1972	0.008564082320960053
1973	0.008573210192226966
1974	0.008579148500878726
1975	0.00860788272457638
1976	0.008610062136827332
1977	0.008613524539924268
1978	0.008615434579871928
1979	0.008617215907705762
1980	0.008645517913931908
1981	0.008645528439597972
1982	0.008653209173472199
1983	0.008653209173472199
1984	0.008672232699829193
1985	0.008678067584438946
1986	0.008681356691220835
1987	0.00869052524304032
1988	0.008693492278703929
1989	0.008714071665991988
1990	0.008724439523546816
1991	0.008728309401026313
1992	0.008753103735248026
1993	0.00875517909582509
1994	0.008769964481108953
1995	0.008781658442460831
1996	0.00878650334319532
1997	0.008790838071548193
1998	0.00882977219412179
1999	0.008845876383941327
2000	0.008852804583868987
2001	0.00886263617667924
2002	0.008898768735049991
2003	0.008899960449343332
2004	0.008900096460148176
2005	0.008906279413990723
2006	0.008906279413990723
2007	0.008922840467027219
2008	0.008929836392674643
2009	0.008968146854285304
2010	0.00897896012910422
2011	0.008991304521586583
2012	0.008991382374247403
2013	0.009007313972550167
2014	0.009008244279550034
2015	0.009014994730993604
2016	0.009014994730993604
2017	0.009019158719083882
2018	0.009021831410524614
2019	0.009029787428283774
2020	0.009030495279884247
2021	0.009047273898807238
2022	0.009051307198412658
2023	0.009059875716592598
2024	0.00905996832224399
2025	0.009092724344218893
2026	0.009113986888295364
2027	0.009131436743473173
2028	0.009134996661198734
2029	0.009136796484544515
2030	0.009181484084832672
2031	0.009181484084832672
2032	0.00918943099435358
2033	0.009191809071125049
2034	0.009192231176382095
2035	0.009193291739085804
2036	0.009219375738083029
2037	0.009224382526761792
2038	0.009224382526761792
2039	0.00922497750675082
2040	0.00922497750675082
2041	0.009225509958808662
2042	0.009233829649717189
2043	0.009233829649717189
2044	0.009237223229951028
2045	0.009263674486947412
2046	0.009266279728136801
2047	0.00926636266287636
2048	0.00926636266287636
2049	0.009297365218166348
2050	0.00932588741085819
2051	0.009329733651080158
2052	0.009335215155527512
2053	0.009351637129402023
2054	0.009352243046459395
2055	0.009373943513804345
2056	0.009402179587725937
2057	0.009412436507100072
2058	0.009484171286940355
2059	0.009489821758076458
2060	0.009522951223223138
2061	0.009524008872317411
2062	0.009557126189391491
2063	0.009560775386961302
2064	0.009564047783239953
2065	0.009573949498510809
2066	0.009586810627100215
2067	0.00959251583266846
2068	0.009618687696356027
2069	0.00965153899645253
2070	0.00966553821574184
2071	0.009679901290820593
2072	0.009704527706186742
2073	0.009704527706186742
2074	0.009728292758751181
2075	0.009766386486307167
2076	0.009768865850246142
2077	0.00977426345051506
2078	0.009783982880196338
2079	0.009786676351041197
2080	0.009826031192702067
2081	0.009826159575339612
2082	0.009829889368657236
2083	0.009835184644936847
2084	0.00984582348003159
2085	0.009856202564879306
2086	0.00986725924458303
2087	0.009913721904512073
2088	0.009913721904512073
2089	0.009920304279607162
2090	0.009925029773265006
2091	0.009931621871577246
2092	0.009962192579941838
2093	0.009968146266996497
2094	0.009968146266996497
2095	0.009969999247740759
2096	0.009978972391987077
2097	0.01000191506662644
2098	0.010009033769554108
2099	0.010025736731034152
2100	0.010025814729990645
2101	0.010029416583229051
2102	0.010058256906651904
2103	0.010137600505052106
2104	0.010137600505052106
2105	0.010142777923229977
2106	0.010151230713567745
2107	0.010155263905980828
2108	0.010159690398825413
2109	0.010162856143821794
2110	0.010189687188527549
2111	0.01019622243774892
2112	0.0102127098264859
2113	0.010233998241164322
2114	0.010252068327902984
2115	0.01027321493009896
2116	0.010285433437633712
2117	0.010290959187562366
2118	0.010344931367581202
2119	0.010377679557583506
2120	0.010384128514225118
2121	0.010413715235210005
2122	0.010442987024780512
2123	0.010445603141994818
2124	0.010456563202128434
2125	0.010464179279811175
2126	0.010464179279811175
2127	0.010468389369910262
2128	0.010471187229722182
2129	0.010471187229722182
2130	0.010491662594653152
2131	0.0104917081545317
2132	0.010505512124596153
2133	0.010508092357801695
2134	0.010520403271732707
2135	0.010520403271732707
2136	0.0105215398112675
2137	0.010525668434831116
2138	0.010544572869497315
2139	0.010556658609614225
2140	0.010566599642267303
2141	0.010573075474999026
2142	0.010590958077527747
2143	0.01059355204829919
2144	0.01059355204829919
2145	0.01063928592528128
2146	0.010661167149979991
2147	0.010664368007528029
2148	0.010682657019672637
2149	0.010713720968929913
2150	0.010716237865963372
2151	0.010720349854360978
2152	0.010721317549626224
2153	0.010729697199822683
2154	0.010741682596306172
2155	0.01083291770484729
2156	0.010837848587238888
2157	0.010866639452930977
2158	0.010881522549727298
2159	0.010881522549727298
2160	0.010890794094097123
2161	0.010891589461598036
2162	0.010910602778949556
2163	0.01092193618366152
2164	0.010929359221841746
2165	0.010930995242881648
2166	0.010931579254619376
2167	0.010939219396278295
2168	0.010956364816857536
2169	0.01097333249290809
2170	0.010986676021442234
2171	0.01101285035765818
2172	0.01104400547808457
2173	0.011072749839129543
2174	0.011075490147173813
2175	0.011123794002054755
2176	0.011153922359419643
2177	0.011156552379666233
2178	0.011170296907427331
2179	0.01117520827545976
2180	0.011176096143104311
2181	0.011210827846323056
2182	0.011210827846323056
2183	0.011215945969915984
2184	0.011221516697841528
2185	0.011254602480765675
2186	0.011258930366606438
2187	0.011261504073622025
2188	0.011295907311930576
2189	0.011302864150289438
2190	0.011313116325753898
2191	0.011327840615045354
2192	0.011351284024287162
2193	0.01139468038165449
2194	0.01139468038165449
2195	0.011411273241840846
2196	0.011472993157850293
2197	0.011475395069457888
2198	0.011480208012053447
2199	0.011480208012053447
2200	0.011485201696097744
2201	0.011486823103020034
2202	0.011564550185807012
2203	0.011565629468387476
2204	0.01157539338424736
2205	0.011579123326051124
2206	0.011698613806770607
2207	0.011698613806770607
2208	0.011713845653758593
2209	0.011779993251274561
2210	0.011779993251274561
2211	0.011781899677044218
2212	0.011815672854301842
2213	0.011832834360368217
2214	0.011858742344787218
2215	0.011889834397498404
2216	0.011904605201347578
2217	0.011940558487765755
2218	0.011973680470091612
2219	0.01198097095396575
2220	0.011995034681064654
2221	0.012001651386369508
2222	0.01203337130649614
2223	0.012057215681906432
2224	0.012060712458231074
2225	0.012160779004642002
2226	0.012215021899287228
2227	0.01223388838431528
2228	0.012276481458464675
2229	0.012279145776472489
2230	0.01228968453622173
2231	0.01228968453622173
2232	0.01234070151976593
2233	0.01234070151976593
2234	0.012364164427894076
2235	0.012396660840721874
2236	0.012442482710460246
2237	0.012468297397808442
2238	0.01250086816985247
2239	0.01253855896823869
2240	0.012566711343869576
2241	0.012592196829778041
2242	0.01262798610230292
2243	0.012651125246382955
2244	0.012726435203937044
2245	0.01276204862081808
2246	0.012775020704481959
2247	0.012793724477255882
2248	0.012795669345530234
2249	0.012838105195084205
2250	0.012843640683231045
2251	0.012843640683231045
2252	0.012847344083504374
2253	0.0128863202660755
2254	0.01293528043762798
2255	0.01295015293346356
2256	0.01295015293346356
2257	0.012973316692348911
2258	0.012979061676410275
2259	0.012994913543382754
2260	0.013014491000416939
2261	0.013046218340949484
2262	0.013048128524816214
2263	0.013101082588857622
2264	0.01310239260593916
2265	0.01311761601816646
2266	0.0131202810945464
2267	0.013131791538098082
2268	0.013152606775852189
2269	0.01316810863411076
2270	0.013195813161759743
2271	0.013195813161759743
2272	0.01321826482560492
2273	0.013222964871767448
2274	0.01322776179102193
2275	0.013250177508249812
2276	0.013280201542140907
2277	0.013296001278587164
2278	0.013333754197523156
2279	0.013341654957311827
2280	0.013342296391541183
2281	0.013359173178003163
2282	0.013387106670232097
2283	0.013396769162749272
2284	0.013437764695068568
2285	0.013440453303365874
2286	0.01350673184008979
2287	0.013515682150747284
2288	0.013560880981702184
2289	0.013562768227766413
2290	0.013588654385189766
2291	0.013614668339697466
2292	0.013626678832352796
2293	0.013670773569921801
2294	0.013673571918123479
2295	0.013714618952052558
2296	0.013757457068807646
2297	0.013794786007771079
2298	0.013876889889311468
2299	0.013893774433171314
2300	0.013893774433171314
2301	0.014011356429695462
2302	0.014053555991284385
2303	0.014106536250975778
2304	0.014118377314688537
2305	0.014132144246364959
2306	0.014146095433015385
2307	0.014282202701266422
2308	0.014302763404325234
2309	0.014347838373775696
2310	0.014361497206081493
2311	0.014364768080273089
2312	0.014380248711336105
2313	0.014397703323787354
2314	0.014410882172861812
2315	0.014410882172861812
2316	0.014447286596444018
2317	0.014465751276723329
2318	0.014564910744663899
2319	0.014607835739768912
2320	0.014611856179148766
2321	0.014655475973168759
2322	0.014876487018104796
2323	0.014880880753503663
2324	0.014904447993802692
2325	0.01490823235665781
2326	0.014961452937467923
2327	0.014996563473005852
2328	0.015090774168341283
2329	0.015092502045712932
2330	0.015106766232392859
2331	0.01517732954112509
2332	0.015210172451354677
2333	0.01521989622172186
2334	0.01523849257636245
2335	0.015380758661394968
2336	0.015388779938643725
2337	0.015433546999964305
2338	0.015434156471931759
2339	0.015477500121141866
2340	0.015518357161762345
2341	0.015525199676651535
2342	0.01557395534217277
2343	0.01557395534217277
2344	0.015576156297370962
2345	0.015580312833837226
2346	0.015595187879601175
2347	0.015701794356062778
2348	0.0157510853594232
2349	0.0158387568325231
2350	0.0158387568325231
2351	0.015874109266347386
2352	0.015999433989985587
2353	0.016081789110665004
2354	0.016143993867687677
2355	0.01620335227661068
2356	0.01620335227661068
2357	0.016228545837498585
2358	0.01626999142594011
2359	0.016279566394713743
2360	0.016357312890575796
2361	0.016357528541929983
2362	0.016365766282088336
2363	0.01637835431293127
2364	0.016406275049500693
2365	0.016436821164689006
2366	0.016472848508979357
2367	0.016480057918587844
2368	0.016488324657158465
2369	0.016507331492403066
2370	0.016538184301789313
2371	0.016547183838951943
2372	0.016601325067594676
2373	0.016604664886707796
2374	0.01665527982352548
2375	0.016727000478257665
2376	0.016733627520651953
2377	0.016760147612714684
2378	0.016929411714528542
2379	0.016931296022458266
2380	0.01693231493329314
2381	0.016967553153000442
2382	0.016998962938953744
2383	0.017032577990436077
2384	0.0170443759932622
2385	0.017060049530989715
2386	0.017096665698312977
2387	0.017099936900467388
2388	0.017212890663687145
2389	0.01725376518329866
2390	0.017261812332424492
2391	0.017287448626100183
2392	0.017318487231852156
2393	0.017318487231852156
2394	0.017323266695401015
2395	0.017325987475460613
2396	0.01735476928685413
2397	0.017441363478810715
2398	0.01746691987730009
2399	0.017495164703430082
2400	0.017587481456990278
2401	0.017601502776753403
2402	0.017607566839290767
2403	0.017607566839290767
2404	0.017609268695781954
2405	0.0176430467323477
2406	0.01764828957718013
2407	0.017648713777501965
2408	0.017671974875494
2409	0.017789742943622296
2410	0.017806055430666854
2411	0.017820901997372404
2412	0.017840868392550592
2413	0.01787696400399061
2414	0.01798465415291531
2415	0.01798971094820801
2416	0.018006356016694498
2417	0.018006356016694498
2418	0.018030637925486627
2419	0.018039840021453528
2420	0.01804636398280767
2421	0.018111853908426446
2422	0.018142414888877696
2423	0.01823468850844588
2424	0.018252771871688268
2425	0.01831181927061872
2426	0.01831736992583517
2427	0.018326034868454088
2428	0.018360871057770112
2429	0.018364692483132758
2430	0.018369899537015785
2431	0.018413814406582185
2432	0.018422191509152336
2433	0.018443407412947734
2434	0.018569794883094872
2435	0.018597891412739632
2436	0.018615576112495223
2437	0.018661825232272784
2438	0.018767515445574198
2439	0.01877151312494827
2440	0.01877151312494827
2441	0.01877790193284794
2442	0.01877790193284794
2443	0.018937355174356314
2444	0.01904861635393751
2445	0.019071665816070185
2446	0.019071665816070185
2447	0.019095231080034934
2448	0.019097532091868406
2449	0.01919355308430082
2450	0.01929698214747597
2451	0.0193147177043727
2452	0.019316950742805487
2453	0.019353628729521448
2454	0.019436498270003637
2455	0.019436498270003637
2456	0.019469319916211408
2457	0.01974758516882971
2458	0.01983220053347489
2459	0.01983220053347489
2460	0.019842094294706344
2461	0.01989943599703161
2462	0.019958850918828937
2463	0.020057759620661003
2464	0.02016472489273419
2465	0.020175075043228654
2466	0.020181633828802625
2467	0.020215226464237665
2468	0.020274907891282796
2469	0.02061992621228164
2470	0.02073513274614128
2471	0.020837543353281997
2472	0.02088178981792815
2473	0.020919584030287472
2474	0.020919584030287472
2475	0.020921180894013954
2476	0.020993083051331837
2477	0.021008338463563633
2478	0.021135986232020138
2479	0.021184373155703713
2480	0.021372584892800032
2481	0.0215801041702739
2482	0.02163041899732337
2483	0.02172140614693679
2484	0.02180730439554468
2485	0.02180730439554468
2486	0.021846274281894947
2487	0.021846274281894947
2488	0.02185656333919027
2489	0.021913375093772752
2490	0.02208300097359482
2491	0.02220607324585884
2492	0.022242875466091914
2493	0.022383514223643982
2494	0.022383514223643982
2495	0.02240772610061542
2496	0.02249722438435087
2497	0.022629970326973038
2498	0.02276499791346234
2499	0.02281271575240073
2500	0.022852920010362376
2501	0.023117706503891333
2502	0.02340414093702067
2503	0.02353330782104465
2504	0.02358818026046405
2505	0.023836030290295036
2506	0.02383648474502938
2507	0.0239883625118513
2508	0.0239883625118513
2509	0.024084220103626278
2510	0.024180992886979755
2511	0.024479609882516764
2512	0.024605091058565676
2513	0.024728185153790244
2514	0.02478044361991821
2515	0.024786643379044543
2516	0.02486458020960497
2517	0.024894695197969694
2518	0.024921533861303823
2519	0.025053958928686115
2520	0.025099375390630736
2521	0.025192134685257574
2522	0.025378384917089283
2523	0.025579152468365896
2524	0.02573743439038715
2525	0.025795276505592907
2526	0.02585614791495073
2527	0.026071326663590782
2528	0.02720845069092467
2529	0.02732964985140342
2530	0.02732964985140342
2531	0.02775291489195137
2532	0.027918694686534754
2533	0.027940004026488892
2534	0.02825666719554728
2535	0.028448901999898923
2536	0.029282437227810622
2537	0.029404648408031985
2538	0.029516342930650325
2539	0.02952265706199217
2540	0.029632721913458154
2541	0.030009833921566666
2542	0.030185706021230406
2543	0.030264171969508032
2544	0.030310472266202537
2545	0.030950049596085886
2546	0.031612950289398936
2547	0.032019761413851086
2548	0.032109359398773636
2549	0.03222274656201925
2550	0.0323432789927024
2551	0.03253964723225471
2552	0.03268279265913293
2553	0.03268963745592777
2554	0.03305769217595288
2555	0.03318589787846599
2556	0.033499024582815874
2557	0.033603052063763794
2558	0.03361702074842113
2559	0.03378752645577528
2560	0.03401630428192331
2561	0.03418897104329606
2562	0.03419417508874253
2563	0.0343715680759466
2564	0.034532155941958034
2565	0.035001249949111614
2566	0.03512702317305148
2567	0.0353226777014461
2568	0.03550973919926653
2569	0.03712969218833145
2570	0.0377343663256673
2571	0.038190384784655106
2572	0.03878942800557405
2573	0.038922611487415666
2574	0.03950103902430239
2575	0.0399680434597392
2576	0.04058208654073943
2577	0.040891602622056336
2578	0.041056314739638174
2579	0.0421099674780169
2580	0.04289338084134024
2581	0.04298768328253316
2582	0.04351981295916413
2583	0.04371213675857046
2584	0.04502909309546527
2585	0.04525000464088254
2586	0.04527259060403891
2587	0.04705313329630676
2588	0.0480502670335904
2589	0.049103417172332145
2590	0.04918806746559875
2591	0.04970161805213071
2592	0.05163682283022254
2593	0.05241072505700185
2594	0.05425065416195163
2595	0.05446542210430166
2596	0.05564778131246463
2597	0.05827773682976618
2598	0.060382395199268524
2599	0.060653713653827095
2600	0.06373034467975555
2601	0.06522586288428717
2602	0.0653210664410805
2603	0.06672823858008821
2604	0.06759472258986494
2605	0.07669221838623166
2606	0.07694438506479555
2607	0.07823687831834955
2608	0.08010806383878788
2609	0.08010806383878788
2610	0.08022915911312735
2611	0.08288743927158525
2612	0.08329612644055341
2613	0.0850510024162043
2614	0.0888711906131599
2615	0.09250871787026282
2616	0.0946535933443523
2617	0.09480510980426197
2618	0.09646075401425876
2619	0.09662238872021311
2620	0.1028799149737256
2621	0.1066201548770275
2622	0.10957732621304743
2623	0.11176350303207228
2624	0.11306557938647326
2625	0.11515718861190773
2626	0.12815026593808296
2627	0.12891483224205977
2628	0.13821226181493262
2629	0.13852340146705175
2630	0.15661720327601492
2631	0.1988545239364768
2632	0.20264228876767063
2633	0.2858569228477767
2634	0.29063501279955045
2635	0.30771008969157543
2636	0.3078347951125666
2637	0.309673632072534
2638	0.35607453788498056