0	0.0013908964734914246
1	0.0013908964734914246
2	0.0015032212079510315
3	0.0015790455978212101
4	0.0015898833290571134
5	0.001602382288959678
6	0.0016944385500736517
7	0.0017077353424958205
8	0.0017907308563844101
9	0.0018178888854930473
10	0.001819549394763581
11	0.0018840161888876818
12	0.001928917053681023
13	0.0019672584985269558
14	0.0019779787663053968
15	0.001990090701451569
16	0.0020138135464897416
17	0.0020189328864537626
18	0.0020189601283817716
19	0.002023939969468314
20	0.002058422940023352
21	0.0021009640644291784
22	0.002150812172180715
23	0.0021588932349705997
24	0.002229426159348166
25	0.0022344377368824133
26	0.0023015738093798864
27	0.0023185411361511753
28	0.0023493073447304726
29	0.0024554335666058112
30	0.002470320222158839
31	0.002536994481668957
32	0.0025764568694259236
33	0.002590386264644164
34	0.002644009266243529
35	0.0026540041446791733
36	0.002661415037159504
37	0.002664738073429294
38	0.002674179500332557
39	0.002691412268680191
40	0.0027232644014136727
41	0.002724031020384805
42	0.0027505846651203008
43	0.002797647583229692
44	0.0028147619792845404
45	0.002827130170328825
46	0.002827130170328825
47	0.00282880504807308
48	0.0028669272749838968
49	0.002871471051571451
50	0.0028873274840278433
51	0.0028994118369080027
52	0.0029045829304719783
53	0.002918753501063141
54	0.002918753501063141
55	0.0029218494143237387
56	0.002922456672039814
57	0.0029269318406834445
58	0.0029280643777076874
59	0.003003832884834163
60	0.0030065448607968803
61	0.0030218289163918724
62	0.0030227275762195285
63	0.0030273701458511286
64	0.0030353426495208008
65	0.0030405724789898817
66	0.0030416135520463963
67	0.0030534369160040245
68	0.0030601021224803166
69	0.003063018935625325
70	0.0030802869996187938
71	0.0030896423741295456
72	0.0030955201501580713
73	0.0031114385740418343
74	0.0031221404516745465
75	0.0031549896988691604
76	0.003157905951738481
77	0.003175688901643769
78	0.0032031148902342283
79	0.0032234120121386487
80	0.003224525546489202
81	0.0032579542660880487
82	0.003269307571947345
83	0.00327552881226823
84	0.003281111092296186
85	0.0032867541739570612
86	0.00329400379477299
87	0.0032995880045764902
88	0.0033095233795853527
89	0.0033125449430900884
90	0.0033144631541162017
91	0.0033293569949724485
92	0.0033326529972376737
93	0.0033386925584689767
94	0.0033426523899399868
95	0.003347185683526571
96	0.003375429009767597
97	0.0033824547299212714
98	0.003387200614073334
99	0.003387340106926936
100	0.003389649686915105
101	0.003397501582040717
102	0.0034123214971623524
103	0.003422263870600936
104	0.0034294123403206225
105	0.0034302380383913786
106	0.0034377668623691657
107	0.003438930356957353
108	0.00344074831977093
109	0.0034569965287804287
110	0.003465108512009215
111	0.0034700036023036923
112	0.0034718078863969397
113	0.003475328473687378
114	0.0034762711344210914
115	0.0034850746046557897
116	0.003496624658144472
117	0.0034988941110044598
118	0.003499860711509012
119	0.003499860711509012
120	0.00350569607923915
121	0.003523031649017958
122	0.003525804447214046
123	0.003526809464656162
124	0.003526809464656162
125	0.0035328703627561515
126	0.0035474757222598245
127	0.0035540327798069143
128	0.0035540327798069143
129	0.0035634140932530173
130	0.003563445663967277
131	0.0035749160829304494
132	0.003575537022599596
133	0.0035782411880715156
134	0.003579897344894336
135	0.0035835538226657755
136	0.003591929008201452
137	0.0035928035014443772
138	0.0035953080535653867
139	0.003606341636616773
140	0.0036092388394206192
141	0.0036124374043018754
142	0.003632910265887661
143	0.0036485401190072112
144	0.00365509904106663
145	0.003665537477642465
146	0.003683105211638652
147	0.003683105211638652
148	0.003697843966423627
149	0.003701762823308144
150	0.003711173534065572
151	0.003715746089285749
152	0.0037176188615764905
153	0.003729050549397231
154	0.0037306145606324738
155	0.003741669413522721
156	0.00375017506258284
157	0.0037573847287750042
158	0.0037629929577403997
159	0.00376584240243526
160	0.0037677622005632748
161	0.0037677622005632748
162	0.0037906333243901856
163	0.003798866278248083
164	0.003798866278248083
165	0.0038083332312120726
166	0.003823123592033063
167	0.003823861006890317
168	0.0038268170847383935
169	0.0038409984379036625
170	0.003841336876659306
171	0.003846203452751418
172	0.003852608726566692
173	0.0038599902849653406
174	0.0038768260213773143
175	0.003887395271904779
176	0.0038990866879278353
177	0.00390674212099371
178	0.003922423867970815
179	0.003924475633762201
180	0.003943579718990719
181	0.003944357235344901
182	0.003949191942672557
183	0.0039542626367003965
184	0.003956455484400679
185	0.003958533693172132
186	0.003973218594539054
187	0.003989813278842396
188	0.0039900397241122805
189	0.0039900397241122805
190	0.004000972131862868
191	0.004012691989174031
192	0.004015354654323189
193	0.004016192475469629
194	0.004024370882508054
195	0.0040287409944085835
196	0.004029100271765925
197	0.004029432218065298
198	0.004029917741098907
199	0.004032458431279239
200	0.004032458431279239
201	0.00403285866353177
202	0.004036070366080401
203	0.004037078151332993
204	0.004045197770195466
205	0.004059324697539572
206	0.004059698634134795
207	0.004071477987178629
208	0.004074830057808298
209	0.004074934355301422
210	0.004080271191965072
211	0.004092227388602738
212	0.004096025634689557
213	0.004111216365018827
214	0.0041168838943989915
215	0.004118444487909056
216	0.0041194004418191555
217	0.0041194004418191555
218	0.00413413545980713
219	0.004141449625430624
220	0.004141449625430624
221	0.004152768955764506
222	0.004162697322647258
223	0.004170702698585487
224	0.004170702698585487
225	0.004177257114415092
226	0.0041938948484726265
227	0.004195014302715873
228	0.004195733666477781
229	0.004204501040558008
230	0.00421258234340441
231	0.004212648216979584
232	0.0042154461211162874
233	0.004223287818755092
234	0.004225884286154017
235	0.0042352720101488505
236	0.004239076904237364
237	0.004246975982972112
238	0.004249897998780181
239	0.004257081159669612
240	0.004262554398490952
241	0.004264420710953485
242	0.0042660802852331195
243	0.004266598293727799
244	0.004266598293727799
245	0.004268445735861864
246	0.004269172285115109
247	0.004269301230882974
248	0.004270656272750888
249	0.004271712654195605
250	0.004273170251694111
251	0.004274713089790552
252	0.00427489274719149
253	0.004283690581732181
254	0.0042884926256227295
255	0.0042884926256227295
256	0.004289373963652867
257	0.004296382199013352
258	0.004299470897671703
259	0.004303129326424168
260	0.004306328830913073
261	0.00431504774017412
262	0.00431504774017412
263	0.004316002085267619
264	0.004342355581940421
265	0.004344476608286135
266	0.004345375933105499
267	0.004347125256990232
268	0.004347212670201689
269	0.004350918983385357
270	0.0043513457688407016
271	0.004353688321411056
272	0.0043625801998407685
273	0.004362861102533563
274	0.004366997366606835
275	0.004368882351356295
276	0.004375423408079807
277	0.004381452955357017
278	0.004381964171463768
279	0.004383474078855739
280	0.004389262466517203
281	0.004392689381237895
282	0.004404279055650193
283	0.004409401886883914
284	0.004418468626121521
285	0.00442967639901217
286	0.004442756801803978
287	0.004459445705468648
288	0.004469767891062118
289	0.00447039863994296
290	0.004473806991813969
291	0.004490718984755982
292	0.0045001574416808675
293	0.004503385504261378
294	0.004521124860031618
295	0.004521245956591639
296	0.004525015911568547
297	0.0045349531419817506
298	0.004540865666365233
299	0.004556944261229068
300	0.004556970594590801
301	0.004559130618877594
302	0.004573859311343718
303	0.004573859311343718
304	0.00457902708007102
305	0.0045802896196614545
306	0.004582405700061887
307	0.004585647173520186
308	0.004589151119757561
309	0.0045981337518542185
310	0.004603173036072918
311	0.004609605623046111
312	0.004610184920362437
313	0.004611362596892148
314	0.004620624416679118
315	0.004623751831573836
316	0.0046242613464228385
317	0.004625437600925611
318	0.004634363818261458
319	0.004634914130811445
320	0.004636175686920369
321	0.004640526801989173
322	0.004640526801989173
323	0.004642232437089937
324	0.0046485234214802195
325	0.004648955581629401
326	0.0046527145839848775
327	0.004653008166780335
328	0.004653138833090094
329	0.004661297029798127
330	0.004666169413976426
331	0.004668404438348114
332	0.004668475125779641
333	0.004674536340638503
334	0.00467611558881498
335	0.00469514738853284
336	0.004696834040069479
337	0.0047031696758673336
338	0.004706056204520974
339	0.004710120168321699
340	0.004710748985031534
341	0.004715516938785827
342	0.004717001695992325
343	0.0047173570990497425
344	0.004718173057445222
345	0.004719693634121985
346	0.0047232527986524634
347	0.004736821297021386
348	0.004744977976769648
349	0.004744977976769648
350	0.004749722097127817
351	0.0047510825082278454
352	0.004760008928564649
353	0.004762209676190206
354	0.0047660172051720955
355	0.00477549452936195
356	0.004775748423022545
357	0.004780374566915874
358	0.004784013900481371
359	0.004785635276535814
360	0.004786120349503464
361	0.00478856241476317
362	0.004788640412479592
363	0.004793118087425994
364	0.004795853625788026
365	0.0048035863685294295
366	0.004805335576204736
367	0.004809514840398181
368	0.004817192958566229
369	0.004818970844481017
370	0.004825663477696204
371	0.00484864063423997
372	0.0048489975252701606
373	0.004853560033619715
374	0.004854601219455628
375	0.004855888178287035
376	0.004856184510495311
377	0.004857130531501414
378	0.004860137549489537
379	0.004860216147456656
380	0.004860281679077416
381	0.004861148526838676
382	0.004861754107314825
383	0.004867431458171979
384	0.0048718986032109095
385	0.004880878711878705
386	0.004883660205216437
387	0.004884118856046728
388	0.0048877702482921625
389	0.0048877702482921625
390	0.0048898344552768145
391	0.004891347973716433
392	0.004898146690318862
393	0.004898619601479834
394	0.004898619601479834
395	0.004900098978598581
396	0.004905395498840894
397	0.004908722848155223
398	0.004910006517306818
399	0.0049109490936030415
400	0.004912371728600347
401	0.004919017178259269
402	0.0049196057768892245
403	0.0049196057768892245
404	0.004934608900409168
405	0.00493529836990616
406	0.004938874770632597
407	0.004939620430763135
408	0.004946556175766392
409	0.004949426835499588
410	0.0049567095940812
411	0.004961559633818256
412	0.0049634907071512925
413	0.004968301218729529
414	0.004970697435974905
415	0.004970697435974905
416	0.004975620564304423
417	0.004976584571767148
418	0.004978720819647515
419	0.004981103893709173
420	0.004987266285255263
421	0.0049948598579022275
422	0.004997401024525765
423	0.005001401803505417
424	0.0050041910435138295
425	0.005007636168882785
426	0.005008027356157919
427	0.005008092650902004
428	0.005009889519744681
429	0.005010881758722334
430	0.005014107497848011
431	0.005014267842862276
432	0.005015655889310607
433	0.005028034705521359
434	0.005028225333064268
435	0.0050326662913386085
436	0.005035877083489163
437	0.005043215739979543
438	0.005047795954667288
439	0.005049846433321941
440	0.005052025732322497
441	0.005057493845771716
442	0.005063175387046803
443	0.0050715608051091175
444	0.005081976485581317
445	0.005087514520864193
446	0.00508851107888802
447	0.00509071871153447
448	0.005098106315096915
449	0.005102337209558073
450	0.005106299834524084
451	0.005106932151495935
452	0.0051112098372088745
453	0.005113482277273029
454	0.005113505451250078
455	0.0051144161934692555
456	0.00511460066866582
457	0.005114890516914412
458	0.005116404303802104
459	0.005117579310570867
460	0.005117629333987463
461	0.005120390610106709
462	0.005123125706053591
463	0.005133802197198722
464	0.005143711597669884
465	0.005154828901140413
466	0.005156515296207321
467	0.005160423626025817
468	0.005160567798206605
469	0.005164352912027295
470	0.005170843741589415
471	0.005174639021229613
472	0.005176083847859913
473	0.005177042592063012
474	0.005179161322074812
475	0.005179950289337796
476	0.005180816924009526
477	0.005187299297324079
478	0.005194484863771994
479	0.005201227931939994
480	0.005202813181348794
481	0.005203394661188065
482	0.005206215612127768
483	0.005214104812912831
484	0.005214415115809039
485	0.005214415115809039
486	0.00521715573852447
487	0.00521715573852447
488	0.005217302368081946
489	0.005223209836874676
490	0.005223796033537653
491	0.005223892992779257
492	0.005229016159851788
493	0.005229380460436395
494	0.005230112140280699
495	0.005232205080082179
496	0.005239843222841582
497	0.005243382591415183
498	0.005243382591415183
499	0.005244987416564438
500	0.0052477854376766385
501	0.005254521957320828
502	0.005254521957320828
503	0.005257570731813411
504	0.005259370399586211
505	0.0052632074821299816
506	0.005265954804205015
507	0.005266670485235592
508	0.005266863298009568
509	0.005269258486740484
510	0.0052750213269742875
511	0.005278888140509182
512	0.0052814861544779445
513	0.005291418807848397
514	0.005291418807848397
515	0.0052935486207242345
516	0.005295947318467994
517	0.005297070888709405
518	0.0052975583998684465
519	0.005298320677347797
520	0.005302562776614649
521	0.005308038620811054
522	0.005322135661558908
523	0.005322135661558908
524	0.005340367496717268
525	0.005344427565234722
526	0.005345832488954461
527	0.005345832488954461
528	0.005347633962793378
529	0.005347633962793378
530	0.005348007572917016
531	0.005350469138308554
532	0.005357682521385221
533	0.0053632984254101575
534	0.005366213283129837
535	0.00536994785821804
536	0.005372197781166973
537	0.005374136767892444
538	0.005382684924840003
539	0.005386002599329097
540	0.0053876200682671715
541	0.005388158312449796
542	0.005388158312449796
543	0.005388976618988672
544	0.005391435615860091
545	0.005393249113479334
546	0.005394312004327428
547	0.005399616653052842
548	0.005402024157661126
549	0.005402334680487895
550	0.005403842336709798
551	0.005412772487377377
552	0.005413306290984058
553	0.005415822190586899
554	0.005416736379036479
555	0.005419639102374935
556	0.005428390553378006
557	0.005429843183741458
558	0.00543098563798308
559	0.005436607214054285
560	0.005437246453859734
561	0.005438117780994884
562	0.00543829715995628
563	0.005440357525028061
564	0.005446041681812124
565	0.00544747299212732
566	0.00544797109023396
567	0.0054592287000988695
568	0.005463139848117488
569	0.005463245372476741
570	0.00546616373702594
571	0.005469161270246316
572	0.005471029153639787
573	0.00547572534007848
574	0.005479374508102413
575	0.005489568744450773
576	0.005490938353328526
577	0.005492577628038175
578	0.005495268692248959
579	0.005495268692248959
580	0.005504001635164536
581	0.0055053491260767164
582	0.005509804805981387
583	0.0055112524892313745
584	0.005518549447087188
585	0.00553125609604089
586	0.005534619950814529
587	0.005538303711427781
588	0.005540387802310156
589	0.005543350701519524
590	0.005546887054919577
591	0.00554722353975041
592	0.005547485196013346
593	0.005548131577389601
594	0.005550145313406414
595	0.005551952179186422
596	0.005552774081477489
597	0.005556778293218469
598	0.0055612993086132136
599	0.0055663934463878635
600	0.005570261753267797
601	0.005572075466108546
602	0.00557600304877811
603	0.005582618113397917
604	0.005582829479756861
605	0.005586264673286786
606	0.0055928144077927126
607	0.005593212493728632
608	0.005593339253074262
609	0.005594549490352716
610	0.0055953942667162256
611	0.00559769461474248
612	0.005598329215039744
613	0.005598329215039744
614	0.005598838183052655
615	0.005599580341418321
616	0.0056024612448420715
617	0.0056031574134528875
618	0.005607879189146376
619	0.005612115465674392
620	0.005612734182208472
621	0.005613436826044428
622	0.0056154815465828305
623	0.0056207339378437195
624	0.0056296012292163
625	0.0056296012292163
626	0.005635746711843426
627	0.005636426172672375
628	0.005641528604907147
629	0.0056425075985755005
630	0.005642687746095727
631	0.0056513766464479885
632	0.005654707950019575
633	0.0056572615283366256
634	0.005662063669725178
635	0.005666249729756735
636	0.005667701562358342
637	0.005668101975088313
638	0.005668432322963929
639	0.005676250346834816
640	0.005678737271613643
641	0.005678888359531884
642	0.005680548036940638
643	0.005681085107624449
644	0.0056843212435593645
645	0.005684855055320234
646	0.005691927090193794
647	0.005694116349358982
648	0.005694643096806776
649	0.005698269210912769
650	0.005700003245612874
651	0.005701170756954933
652	0.0057026851570173695
653	0.0057040690739171805
654	0.005704252185870073
655	0.00570682573766013
656	0.005716231713289597
657	0.005722465377800856
658	0.005731023294318605
659	0.005731023294318605
660	0.005734310507810887
661	0.0057408087409316294
662	0.005742376511523868
663	0.005744649423599312
664	0.005747411591317089
665	0.005747675791135499
666	0.0057492430806136245
667	0.005749886433665589
668	0.0057500331303405585
669	0.005753963938013352
670	0.0057541273013364735
671	0.005755832259553782
672	0.0057558535422627495
673	0.005757050025832038
674	0.005757050025832038
675	0.005762853546637
676	0.005763413051299523
677	0.005770112303931329
678	0.005775413405119206
679	0.005780739139587962
680	0.005785969668083852
681	0.005786355329569903
682	0.005794068087280109
683	0.005794137899636795
684	0.005795360989623566
685	0.0058026080343181775
686	0.005802826380304624
687	0.005809551531751275
688	0.005810273745706695
689	0.00581077430296155
690	0.005811526477612641
691	0.005811526477612641
692	0.005825522208353347
693	0.00582819937888584
694	0.005829605218200104
695	0.005831386198838396
696	0.005840812443492329
697	0.00584138904713877
698	0.005841520778020416
699	0.005841520778020416
700	0.005842035689726847
701	0.005852159430504377
702	0.00585445001686695
703	0.005855872266366302
704	0.005858559976649099
705	0.005867966598409602
706	0.005874326259241939
707	0.005877660929321747
708	0.0058779184240696225
709	0.005878790521865192
710	0.005878932726265329
711	0.005878932726265329
712	0.00587903197813727
713	0.0058820113056581615
714	0.005883025072192308
715	0.005884751821443568
716	0.005884751821443568
717	0.005886425146049979
718	0.005890347782605184
719	0.005890488010339652
720	0.005890625179044146
721	0.005890625179044146
722	0.0058944207518507215
723	0.005903623040135623
724	0.005903623040135623
725	0.00590493505467581
726	0.0059075973119355005
727	0.005909760908871351
728	0.005913413396674973
729	0.005913415425959096
730	0.005913415425959096
731	0.005918625262673446
732	0.005919981418898692
733	0.0059208713041247266
734	0.005925425301189955
735	0.005938724189586684
736	0.005943411310022492
737	0.005945677589645057
738	0.005945677589645057
739	0.005946646870296728
740	0.005946646870296728
741	0.005950883295783829
742	0.0059509647117108174
743	0.005959249113781222
744	0.005959844293271038
745	0.005962073213248628
746	0.005963560849024665
747	0.005965206534566411
748	0.005971525851910425
749	0.005977876880631586
750	0.005984794900407098
751	0.00599596572704704
752	0.005996013092041737
753	0.005996631137560355
754	0.005998890564099308
755	0.005999593069535122
756	0.006008634620283354
757	0.006009042685815035
758	0.006009042685815035
759	0.006014249911666746
760	0.006020395418909131
761	0.006022666020957839
762	0.006022770956959084
763	0.006033612930901947
764	0.006035141837605076
765	0.006035555069753825
766	0.006044152380609223
767	0.006046242882982166
768	0.006046242882982166
769	0.006048893121881445
770	0.006049072160255363
771	0.0060524778396891955
772	0.006054406742208543
773	0.006057496677672442
774	0.00605799587322936
775	0.006058398220648753
776	0.006061308852059905
777	0.006062441257449819
778	0.006068306683087017
779	0.00607295726972991
780	0.006073393532443545
781	0.006077394918875025
782	0.006077820744308814
783	0.006085807505987317
784	0.006086353013083814
785	0.006088812117317358
786	0.006090107716614885
787	0.0060945145828051415
788	0.0060986986316791565
789	0.00609939439616355
790	0.00610042105105058
791	0.0061022114843792994
792	0.006108227238735983
793	0.006108367785259611
794	0.006113039505839315
795	0.006113039505839315
796	0.006113710657195555
797	0.006115710997096664
798	0.006118585539150945
799	0.006118661046335676
800	0.006121366922496536
801	0.006122115484049248
802	0.0061265618416879945
803	0.006127452733388743
804	0.006129466045256026
805	0.00613011484394974
806	0.006130508788020187
807	0.006130744897648268
808	0.00613236088305191
809	0.006135602741379348
810	0.0061356991451631425
811	0.006139245882031918
812	0.006144090656882837
813	0.006161129847679765
814	0.006170894667706476
815	0.006171342560586032
816	0.006173784900695719
817	0.006184887711193509
818	0.006189291558813182
819	0.006195023970899573
820	0.006197472145965804
821	0.006198923535580313
822	0.006207299734987188
823	0.0062097672259026696
824	0.0062120969084519554
825	0.006214416867246813
826	0.0062174266380816915
827	0.006217573320843743
828	0.006226983619705395
829	0.006229492194392017
830	0.006232746184476352
831	0.006234318968415327
832	0.006236675155881837
833	0.006236774326524286
834	0.006236774326524286
835	0.006238546305038285
836	0.006240314254910972
837	0.006246278972313483
838	0.0062481493259920265
839	0.006255609322845551
840	0.006261847970053776
841	0.006261847970053776
842	0.0062647593728679335
843	0.00626954870784381
844	0.006275245493211623
845	0.0062759286962176765
846	0.0062770034251970926
847	0.0062770034251970926
848	0.006279030259515399
849	0.006284521063692952
850	0.006285110102468105
851	0.006291217529226758
852	0.006295648100077264
853	0.006295648100077264
854	0.006299101681979716
855	0.0063031295401514646
856	0.006304386488789207
857	0.006312005386566243
858	0.006312005386566243
859	0.006313796401527585
860	0.006314709256971839
861	0.006314709256971839
862	0.00631546870786628
863	0.006315761315942339
864	0.006322307490152301
865	0.006328609720944414
866	0.006329857186384005
867	0.006336574547813101
868	0.006337343449740683
869	0.006339459913903522
870	0.006340298100247941
871	0.006344732066829363
872	0.006346985504952582
873	0.006347434836215264
874	0.006349255468160967
875	0.00635215947532211
876	0.006355028402762526
877	0.006355252394680744
878	0.006356723999040921
879	0.006362396796807455
880	0.006364114549566015
881	0.006364843831554632
882	0.006365827833035886
883	0.00637426780108947
884	0.006374970196009465
885	0.006378289817812552
886	0.006386033823902856
887	0.006394305982673288
888	0.006398130039317197
889	0.006398288677449722
890	0.0064029494766020545
891	0.006403258623552391
892	0.006405237622444041
893	0.006406563587454535
894	0.006407618122215551
895	0.006410953751191378
896	0.006414448144618106
897	0.006425371740217324
898	0.0064313902851505355
899	0.0064313902851505355
900	0.00643251125145182
901	0.0064326122221084175
902	0.006433425526099587
903	0.00643616920225184
904	0.006443423701729617
905	0.006443586966906538
906	0.0064444074979740015
907	0.006444556462633025
908	0.006446708617576214
909	0.006449504554616001
910	0.006450109533942903
911	0.0064503291388874244
912	0.0064524793684182765
913	0.006452793581072777
914	0.0064544033031720275
915	0.006456260527576754
916	0.0064562612245836525
917	0.006459035609134168
918	0.006461562736675969
919	0.0064620111420507645
920	0.006468217065000511
921	0.006469191603282847
922	0.006472919356823122
923	0.006473745206611833
924	0.0064778545831072655
925	0.006479268554401357
926	0.006481883214005686
927	0.006483399802575578
928	0.006483930906481457
929	0.006485592725411244
930	0.006487958230445326
931	0.006500908936449728
932	0.0065013910050091914
933	0.006504915141646467
934	0.006506580745666111
935	0.006506963731261099
936	0.006511130470201301
937	0.006514880505431931
938	0.006517672974300093
939	0.00652651974638708
940	0.006530137594255157
941	0.006538459910406112
942	0.006545839060037996
943	0.00654688910856826
944	0.006547881871264678
945	0.0065513446711387684
946	0.006552352249378408
947	0.006553071951386733
948	0.00655367690690382
949	0.006567062661498949
950	0.006570095965819675
951	0.0065750623571206816
952	0.006578157872839935
953	0.006579685250840688
954	0.00659091837303473
955	0.006592928408539518
956	0.006594167498623519
957	0.006598482401279391
958	0.006598482401279391
959	0.006601204814269327
960	0.006601912601668291
961	0.006605620182844084
962	0.006614210232520649
963	0.0066169836783851795
964	0.006617079113918406
965	0.006619092687072673
966	0.006623887227293042
967	0.006627359202584309
968	0.006640952491924971
969	0.006648960821067642
970	0.0066494024543560055
971	0.0066494024543560055
972	0.00664972255061154
973	0.006650596138692198
974	0.0066565622508950525
975	0.006658027110188023
976	0.0066581070132500555
977	0.006663074365481515
978	0.0066728472183891045
979	0.006675568590018751
980	0.006676665709771926
981	0.006677054590161311
982	0.0066832839981445695
983	0.006683611673339194
984	0.006687808759231415
985	0.006693096816862461
986	0.00669407573904229
987	0.006694990141894931
988	0.006696601302153606
989	0.00669671710616432
990	0.00669838726858485
991	0.006703123152677286
992	0.006716964567425474
993	0.006720704799346091
994	0.006721757657029967
995	0.006727971239536713
996	0.006731936497031626
997	0.006736205756962061
998	0.006737348810922982
999	0.0067423023515754315
1000	0.006742599202092554
1001	0.0067452159342822945
1002	0.00674822361810353
1003	0.006750373323016303
1004	0.006750612712931753
1005	0.006752167355744794
1006	0.006758158402993367
1007	0.006766169448066859
1008	0.006767301530160714
1009	0.006770117428814466
1010	0.006770312843580652
1011	0.006773123725429386
1012	0.006776054087743893
1013	0.006777384525018127
1014	0.0067778560031907025
1015	0.006783822668666921
1016	0.006784109226719383
1017	0.006786249626997708
1018	0.006786249626997708
1019	0.00678720450554578
1020	0.006792921168393822
1021	0.006792921168393822
1022	0.006796223142301817
1023	0.006799017943794815
1024	0.006803167571070108
1025	0.0068066600473334965
1026	0.006815492938887848
1027	0.006816157641950157
1028	0.006817959298794115
1029	0.00681806226137439
1030	0.006818275001791622
1031	0.006823216616820903
1032	0.006829160563343017
1033	0.0068301063681344585
1034	0.006830596533247607
1035	0.0068317172804491354
1036	0.0068317172804491354
1037	0.006832349010415423
1038	0.006832906555774587
1039	0.006833119419417937
1040	0.0068409081999442085
1041	0.006845083052813132
1042	0.006846055287533686
1043	0.006850459838579085
1044	0.006850702518714302
1045	0.006859916981998523
1046	0.006860784576130144
1047	0.006862537140155545
1048	0.006864916386959553
1049	0.006866810759010625
1050	0.006866948812971913
1051	0.006868941475941596
1052	0.00686979038981522
1053	0.006877704922436355
1054	0.006887946355771864
1055	0.006891393182796095
1056	0.006894000290106959
1057	0.006899875723515898
1058	0.006902829130146935
1059	0.006903350635743989
1060	0.006905964957919551
1061	0.006912186991099924
1062	0.006920484448357524
1063	0.006920484448357524
1064	0.006922668921742225
1065	0.006923947212395404
1066	0.006923947212395404
1067	0.006924498537795477
1068	0.006928200487862727
1069	0.006932000072126884
1070	0.006934758395216887
1071	0.006938157176084949
1072	0.006941405405246085
1073	0.006942634226283982
1074	0.006944157616304144
1075	0.006945886912409883
1076	0.006949110158864586
1077	0.0069528889679051405
1078	0.006953016395780963
1079	0.006958469731200525
1080	0.006958481730949589
1081	0.0069598110606539105
1082	0.006960165802628957
1083	0.006966195015925018
1084	0.006969430177572728
1085	0.006970661159453357
1086	0.00697267538323368
1087	0.006972684131667525
1088	0.006972815285095317
1089	0.006977454048574606
1090	0.006978877058665647
1091	0.006984575291312876
1092	0.006984575291312876
1093	0.00698511903979127
1094	0.00698617871229405
1095	0.006989650706580835
1096	0.006989926036804299
1097	0.006996669564867532
1098	0.0070051232680101785
1099	0.007007744929715499
1100	0.007014450869457362
1101	0.007021165287901212
1102	0.007022189544569553
1103	0.007022837175956848
1104	0.007025798317628836
1105	0.007026486177310267
1106	0.0070323483986523385
1107	0.007035164887909304
1108	0.007037619625969995
1109	0.007037619625969995
1110	0.0070381449970917595
1111	0.007038891176881163
1112	0.007043584669749174
1113	0.007045004187366934
1114	0.007047024336561974
1115	0.007053344171391744
1116	0.007056572326555954
1117	0.00705676710682787
1118	0.007060809656122114
1119	0.007062849991325973
1120	0.007063616354243572
1121	0.007063616354243572
1122	0.007063692589577694
1123	0.007064369257058364
1124	0.0070655400359803935
1125	0.007080594607800018
1126	0.0070947121858466276
1127	0.007098488078456151
1128	0.007098488078456151
1129	0.00710057216004812
1130	0.007100854737283776
1131	0.007108016460308115
1132	0.007110794962592583
1133	0.0071191212940991
1134	0.0071245750750460034
1135	0.007128149268923191
1136	0.007130736287360085
1137	0.00713778656167991
1138	0.007137869500075788
1139	0.007139674642452453
1140	0.0071397379503762085
1141	0.007142847891420256
1142	0.007149447251366423
1143	0.007151496137162289
1144	0.00715331203009249
1145	0.007157777588053139
1146	0.007159905725630078
1147	0.007163524342118269
1148	0.007163524342118269
1149	0.007164459644664219
1150	0.0071676609852868835
1151	0.0071712071508222555
1152	0.00717132470330088
1153	0.0071736936789962335
1154	0.007174405898754587
1155	0.007174405898754587
1156	0.007182440949978489
1157	0.007188935108897478
1158	0.007191250308536267
1159	0.00720538867793424
1160	0.0072076110466660235
1161	0.007212312042611692
1162	0.00721544232877999
1163	0.00721704239976495
1164	0.007219200579010275
1165	0.007223608654956105
1166	0.007225845971234869
1167	0.007228161937862715
1168	0.007230331458516346
1169	0.00723332461597142
1170	0.0072346820939078365
1171	0.007235256526203655
1172	0.0072381591582476095
1173	0.007247268450940684
1174	0.00725201551295054
1175	0.0072524633746068054
1176	0.007252991796497115
1177	0.007259223994341605
1178	0.007259367052296395
1179	0.007265139021382835
1180	0.0072656067881575305
1181	0.007271939837485151
1182	0.007283029108817975
1183	0.007284939876207355
1184	0.0072884295290526115
1185	0.007289339750625199
1186	0.007292421065738449
1187	0.007293326881470694
1188	0.007295977247766154
1189	0.007311960202296361
1190	0.00731888413626466
1191	0.007320042691137059
1192	0.007325965124129795
1193	0.007325965124129795
1194	0.007334797202375119
1195	0.007340906824094491
1196	0.007343610011435566
1197	0.007344636274183613
1198	0.007344745400628172
1199	0.007345556071524831
1200	0.007349129812433309
1201	0.00735442213908762
1202	0.007355654423645607
1203	0.007363909016274696
1204	0.007364481787605348
1205	0.007365032043367734
1206	0.007366720437209847
1207	0.007370498015734652
1208	0.007371485060689926
1209	0.007371602607297442
1210	0.007379879809329444
1211	0.007382066512843165
1212	0.007384467008530696
1213	0.007386691410903871
1214	0.007388264342863389
1215	0.007396672900709399
1216	0.007399009731035488
1217	0.007402763335399209
1218	0.00740959000215298
1219	0.00741122729378311
1220	0.0074124223435993505
1221	0.007413910776371846
1222	0.007414466197914197
1223	0.007422168416307984
1224	0.007423938846730671
1225	0.0074250830298383365
1226	0.0074271415766773005
1227	0.007447057405445839
1228	0.0074549407107041875
1229	0.007455403677871363
1230	0.007467527167680233
1231	0.007473388521950472
1232	0.00747400327804246
1233	0.007476120986178829
1234	0.007481254774429024
1235	0.007482952959893735
1236	0.007484507866250765
1237	0.007488051415422419
1238	0.007490865971299315
1239	0.007500798090869873
1240	0.0075125230116200965
1241	0.007514090497188964
1242	0.007514623610011412
1243	0.007518374957397873
1244	0.007519047080577132
1245	0.007519597928086718
1246	0.007519597928086718
1247	0.007523383879603502
1248	0.007532909729978642
1249	0.00753692994528
1250	0.007547171986904114
1251	0.007552310706010731
1252	0.007553615425739185
1253	0.007553615425739185
1254	0.007558940137348481
1255	0.007559884985888535
1256	0.007560493766953219
1257	0.0075675951265776606
1258	0.007583774851614719
1259	0.0075869089885061336
1260	0.007589458610466229
1261	0.007593070854406128
1262	0.0075941783624093075
1263	0.007598280134352776
1264	0.0076036967982733945
1265	0.007603821736467734
1266	0.007605289277868066
1267	0.007614610167299962
1268	0.007619912466696458
1269	0.007619947571994735
1270	0.007620600107606495
1271	0.007621310254807524
1272	0.007623181750417665
1273	0.00762807059484677
1274	0.00762807059484677
1275	0.007629017367926177
1276	0.007635410728975873
1277	0.007638272055906244
1278	0.007640227221760159
1279	0.007641473810725253
1280	0.007647748557591292
1281	0.007650644940128859
1282	0.007650644940128859
1283	0.007652019994744912
1284	0.0076545726203393165
1285	0.0076553772604618315
1286	0.007658079981307164
1287	0.007674554579908432
1288	0.007675132311564456
1289	0.007676850395833823
1290	0.007677133058634637
1291	0.0076783022212003615
1292	0.00767888201496786
1293	0.0076816878353708476
1294	0.007687218547698224
1295	0.007692205470464677
1296	0.007693414391538315
1297	0.007703928673085839
1298	0.007709711343488535
1299	0.007710004150450472
1300	0.007710004150450472
1301	0.007711248472200414
1302	0.007713448515416462
1303	0.007714243060740185
1304	0.007714982112747332
1305	0.007716658927287743
1306	0.007719970077654056
1307	0.007720616879489275
1308	0.007723582653146951
1309	0.007723582653146951
1310	0.0077333695760670165
1311	0.0077333695760670165
1312	0.0077343386271989875
1313	0.007736803280429215
1314	0.0077368298417362785
1315	0.007738107779031732
1316	0.0077530727456956
1317	0.007755905169611868
1318	0.007761495989816773
1319	0.007761495989816773
1320	0.00776400631117085
1321	0.007765642536201508
1322	0.007766432900633492
1323	0.007766469275021109
1324	0.007776460955997563
1325	0.007778887902515704
1326	0.007780593422098882
1327	0.007797892664053756
1328	0.007797892664053756
1329	0.007799597040873177
1330	0.0078000769867953845
1331	0.007802056139252844
1332	0.007802313759395194
1333	0.007805271039500656
1334	0.0078077480107833445
1335	0.0078078025717859345
1336	0.007812019521224774
1337	0.007812278796868674
1338	0.007812821833363896
1339	0.007815953556667078
1340	0.00782068858860601
1341	0.007825697732470287
1342	0.007827415984863813
1343	0.007827506946662972
1344	0.007830038186373362
1345	0.007832848843178098
1346	0.007850834987446277
1347	0.007855132144013007
1348	0.007864465970425885
1349	0.007871691050845458
1350	0.007879022337836087
1351	0.007880763034120667
1352	0.007882313683183562
1353	0.007886029482567686
1354	0.007890794890253005
1355	0.007891627018555418
1356	0.007899930189573369
1357	0.007913869470748036
1358	0.007916436129975415
1359	0.007940247162398524
1360	0.007944081130003404
1361	0.007946747573697309
1362	0.007952825032657226
1363	0.007953978249902417
1364	0.007957450408266176
1365	0.007961559269384124
1366	0.007961615539573341
1367	0.007965442674447864
1368	0.007973350926674385
1369	0.007976335499472274
1370	0.007976335499472274
1371	0.007977289828006578
1372	0.007978063988212537
1373	0.007982043911173877
1374	0.00798626752619569
1375	0.007986274851271253
1376	0.007989209285029289
1377	0.007993001563865886
1378	0.0079942265417048
1379	0.007995830163291785
1380	0.008000282807502847
1381	0.008001065241575836
1382	0.008002640564215225
1383	0.008005171141215104
1384	0.008015312907180301
1385	0.008015312907180301
1386	0.008021921777227754
1387	0.00802617848044899
1388	0.008033280089733759
1389	0.008036147895598185
1390	0.008042908553509531
1391	0.008045750431125797
1392	0.008045750431125797
1393	0.008049397555092873
1394	0.00804975633171658
1395	0.008073452111692747
1396	0.00807408626409681
1397	0.00807507300276876
1398	0.008077010152282332
1399	0.008079036081107062
1400	0.008100482207868935
1401	0.008100482207868935
1402	0.00810123373320205
1403	0.008103055287977225
1404	0.00810710682056695
1405	0.008108160457215137
1406	0.0081192843280639
1407	0.008123338476267143
1408	0.008129742554355253
1409	0.008132564478689484
1410	0.008132564478689484
1411	0.008141603036250847
1412	0.008146248829982584
1413	0.008153331405016577
1414	0.00815406499852269
1415	0.008154131468152335
1416	0.00815652530186051
1417	0.00816256436422038
1418	0.00816749863789576
1419	0.008179740399302965
1420	0.008181427076008803
1421	0.008188866649299196
1422	0.00819210552909973
1423	0.008192172910772264
1424	0.008192741787698386
1425	0.008194519204929142
1426	0.008197343533122296
1427	0.008204415030945371
1428	0.008207631814354265
1429	0.008215261164441592
1430	0.008221243275803774
1431	0.008221243275803774
1432	0.008222425493731507
1433	0.008226236381240135
1434	0.008227159898781852
1435	0.008238242834490867
1436	0.008241945462089893
1437	0.008245348567520386
1438	0.008247245964565676
1439	0.008252159293176171
1440	0.008259540544130323
1441	0.008261760103030008
1442	0.008265758888330737
1443	0.008266120008809897
1444	0.008266120008809897
1445	0.008273272750245985
1446	0.008277011356763099
1447	0.008277573799136463
1448	0.008277907585853783
1449	0.0082783982146332
1450	0.008282074257090277
1451	0.008282337109779693
1452	0.008282543208452358
1453	0.008284063797438337
1454	0.0083118663367514
1455	0.008318056082999974
1456	0.008321587649002236
1457	0.008321587649002236
1458	0.008323218728351147
1459	0.008327862871108586
1460	0.008331464817184489
1461	0.008337036044068345
1462	0.008338799074206333
1463	0.008340272957163187
1464	0.008346307027662418
1465	0.0083531331247581
1466	0.008355021005360267
1467	0.008355045661166316
1468	0.008361950310784112
1469	0.008363888389970127
1470	0.008364462923580732
1471	0.00836686351029666
1472	0.00836686351029666
1473	0.008377220123647663
1474	0.008380456133179958
1475	0.008382286382598813
1476	0.008383491516067963
1477	0.008385264038774345
1478	0.008385755362531168
1479	0.008390273416278758
1480	0.008392415921539645
1481	0.008399558559834722
1482	0.008402221194419158
1483	0.008402496890811819
1484	0.008412670503470774
1485	0.008413683200598992
1486	0.008415102435500275
1487	0.008416856717332827
1488	0.00841949885682288
1489	0.00842141674541744
1490	0.00842204351686396
1491	0.008427375451461166
1492	0.008437645406150981
1493	0.008440283466805594
1494	0.008440437073991844
1495	0.008444125295150056
1496	0.008444566833178352
1497	0.008444657068238583
1498	0.008445081053491402
1499	0.008445187268503561
1500	0.008446346665871839
1501	0.008450221890571971
1502	0.008461366615387829
1503	0.008483613204290395
1504	0.008508329624552868
1505	0.00850999488837222
1506	0.008519328142523949
1507	0.00851965709403568
1508	0.008528490429149622
1509	0.008528565236899816
1510	0.008530994139021236
1511	0.008530994139021236
1512	0.008536872319539507
1513	0.008537213889785044
1514	0.008541270690006932
1515	0.008541813917433723
1516	0.008542372328578664
1517	0.008542444673516274
1518	0.008547110447395062
1519	0.008550534778600748
1520	0.00857440685996085
1521	0.008576645556392443
1522	0.008579688397599516
1523	0.00858540395088831
1524	0.00859004738054855
1525	0.008592873151634747
1526	0.008595215471416142
1527	0.008605406730658667
1528	0.00861661511267623
1529	0.008619233434591615
1530	0.008619233434591615
1531	0.008619409724567706
1532	0.008622274641880312
1533	0.008626397857744331
1534	0.008626397857744331
1535	0.008627409866238977
1536	0.008642785199235586
1537	0.008650899837597205
1538	0.008652996070724572
1539	0.008662322667733868
1540	0.008666211686777463
1541	0.008670525704939888
1542	0.008671753052303076
1543	0.008671753052303076
1544	0.008687671322055822
1545	0.008700367003753585
1546	0.008708087849804449
1547	0.008709454747568525
1548	0.00871025745888334
1549	0.008722206200276592
1550	0.008729061404299156
1551	0.008737261813629597
1552	0.008742729322128273
1553	0.00874870647581242
1554	0.008757877596774079
1555	0.008759644113774204
1556	0.008761490512469008
1557	0.008762616275971009
1558	0.008763718503011686
1559	0.008767340531774118
1560	0.008771297053459835
1561	0.008775436285460469
1562	0.0087862939855217
1563	0.008806963267777104
1564	0.008809943529893529
1565	0.008812197001879947
1566	0.008812797796390135
1567	0.008812797796390135
1568	0.008813904129268283
1569	0.008814109143868373
1570	0.008820429071196012
1571	0.008824299462283983
1572	0.008830183973173237
1573	0.00883398103914448
1574	0.008837249855012882
1575	0.008837390621665848
1576	0.008852889754210103
1577	0.00885345226451428
1578	0.008853973119461856
1579	0.008872287754578618
1580	0.008881041042575756
1581	0.008899998314605405
1582	0.008916335850557195
1583	0.008918190960064116
1584	0.008923527161389284
1585	0.008923586386654941
1586	0.008926598904390112
1587	0.00892818352185484
1588	0.008935972247055442
1589	0.008937029596011725
1590	0.00894793339269027
1591	0.008952106176769082
1592	0.008952723887179439
1593	0.008953011392825965
1594	0.008953084663964807
1595	0.00897743671656786
1596	0.008980244595778186
1597	0.008980270931329004
1598	0.00898142538799856
1599	0.008983785671981968
1600	0.008990097051762562
1601	0.008999578045666468
1602	0.008999880110308603
1603	0.009007450804747269
1604	0.00902749760455012
1605	0.009035426387288773
1606	0.009035426387288773
1607	0.009038848875820512
1608	0.009040668338126435
1609	0.009048770303191409
1610	0.009050603515785998
1611	0.009090047139592109
1612	0.009094930291096958
1613	0.009098354686424306
1614	0.00910138945435879
1615	0.009109060599206213
1616	0.00912354673359531
1617	0.009126836308384555
1618	0.00914031295963642
1619	0.00914031295963642
1620	0.009147034054815449
1621	0.009149387411190629
1622	0.009149387411190629
1623	0.00915729507006022
1624	0.009169746997595724
1625	0.009170267171692116
1626	0.009177060313630938
1627	0.00918943099435358
1628	0.009203344283469818
1629	0.009218887134573268
1630	0.009229165184346152
1631	0.00923615266223332
1632	0.00923694197232139
1633	0.009246100204954446
1634	0.009246201922950644
1635	0.009253438712169989
1636	0.009255808554629465
1637	0.009258335757578569
1638	0.009263136401885622
1639	0.009276021560992475
1640	0.009276021560992475
1641	0.009279997467674583
1642	0.009279997467674583
1643	0.00928004849125538
1644	0.00928004849125538
1645	0.009297433301723609
1646	0.009308719621945055
1647	0.009322067260000712
1648	0.009332207670214207
1649	0.009353157167500004
1650	0.009357141497271551
1651	0.009358134002019843
1652	0.009360643674452225
1653	0.009377891127533842
1654	0.009405581321744632
1655	0.009408987724506084
1656	0.009421197641485673
1657	0.009421197641485673
1658	0.009426737770831037
1659	0.009431715220468682
1660	0.009431958969374576
1661	0.009433552459174285
1662	0.009435986699865015
1663	0.009455885415979116
1664	0.009465717352633784
1665	0.009465821094861708
1666	0.00946857423269544
1667	0.009473776543702407
1668	0.009475353555404895
1669	0.009478956957388731
1670	0.009489460732840111
1671	0.0094994535105935
1672	0.00950716703335247
1673	0.009509148647488766
1674	0.009514620381278432
1675	0.009519778358766268
1676	0.009520228568687016
1677	0.009522951223223138
1678	0.00954196966039663
1679	0.009546677799101597
1680	0.009551477896128162
1681	0.009553009159417387
1682	0.00955703908121464
1683	0.009557703960681004
1684	0.009559929916069703
1685	0.009566439044911
1686	0.00958875158713825
1687	0.009589722102331426
1688	0.00959399317281223
1689	0.009603632646035313
1690	0.009613480639186465
1691	0.009621166925067972
1692	0.009628945996318942
1693	0.009631493757472643
1694	0.009656124740289814
1695	0.00966454065127797
1696	0.009665334758816143
1697	0.009667989915179457
1698	0.009671500659155324
1699	0.009679901290820593
1700	0.009689256111800382
1701	0.009689860938116834
1702	0.009691380139085062
1703	0.009692595163316005
1704	0.009694073756684195
1705	0.009698400074246771
1706	0.009698555459449865
1707	0.009700040412285147
1708	0.00970522668462785
1709	0.009707238175703665
1710	0.009725996555620632
1711	0.00972721974666162
1712	0.00973814792452868
1713	0.009754860224517391
1714	0.009763028884523869
1715	0.009764016642754515
1716	0.009766086473095709
1717	0.009768971542601512
1718	0.009769637096647655
1719	0.00977044819852359
1720	0.009771607032620136
1721	0.009772149865818877
1722	0.00977326398906346
1723	0.009775372320273989
1724	0.00978223042051088
1725	0.00978318174215721
1726	0.009783982880196338
1727	0.009785103474161103
1728	0.009798420791130434
1729	0.00980238425078284
1730	0.00980520377146665
1731	0.00980520377146665
1732	0.00981274864653395
1733	0.009835089679308951
1734	0.009836182999521048
1735	0.00983636665643748
1736	0.009849562832933584
1737	0.009859386289218947
1738	0.009859587871707884
1739	0.009861096287938825
1740	0.009898285306047291
1741	0.009898285306047291
1742	0.00991133537926266
1743	0.009921597149649387
1744	0.009934380705403797
1745	0.009940727387870725
1746	0.009943775741635913
1747	0.009959895682185626
1748	0.009968245783481404
1749	0.009969999247740759
1750	0.009986883047280702
1751	0.009992938356653434
1752	0.009995591228135741
1753	0.009995591228135741
1754	0.010021779133466906
1755	0.010045837545968349
1756	0.010061269303616519
1757	0.010065757249204877
1758	0.010071487874190968
1759	0.01007326808935579
1760	0.010101679909790686
1761	0.010102016135396751
1762	0.010104024990075212
1763	0.010107733920123551
1764	0.010138588708494572
1765	0.01013869350558231
1766	0.010149068528676442
1767	0.010154270530176885
1768	0.010160560466830256
1769	0.010162035475240036
1770	0.010170631887953219
1771	0.01017183390544738
1772	0.010172303819693723
1773	0.010213451228652632
1774	0.010241563601324978
1775	0.01024259425145842
1776	0.01024698028689664
1777	0.010262569853596743
1778	0.010264248292010043
1779	0.010271621585708724
1780	0.010272772264587176
1781	0.010272901294181722
1782	0.010276376209532895
1783	0.01028956680332723
1784	0.010301082710086255
1785	0.010313463530748654
1786	0.010342040901102998
1787	0.010352200973703858
1788	0.010377661104508313
1789	0.010381534568642006
1790	0.010382998651641223
1791	0.01038609363523452
1792	0.010392601839768785
1793	0.010396029290068593
1794	0.010396701640422218
1795	0.01039949114139942
1796	0.010404654391187708
1797	0.010407335153629361
1798	0.010411964848201255
1799	0.010437591484625664
1800	0.010461175937722009
1801	0.010480948668902383
1802	0.010493031592450281
1803	0.010498640150037023
1804	0.010503511460455367
1805	0.01053798201745181
1806	0.010554928517045889
1807	0.010559171369000116
1808	0.010574070219176904
1809	0.010594313805061642
1810	0.010594593951631506
1811	0.010594593951631506
1812	0.010600878501321315
1813	0.010626085121065854
1814	0.010626756654784252
1815	0.010656171216715646
1816	0.01065957616417869
1817	0.01066230566059654
1818	0.010662967410622773
1819	0.010674016910225539
1820	0.0106796431588283
1821	0.010684634434546064
1822	0.010701202035293554
1823	0.010718500501466117
1824	0.010719981436555445
1825	0.01074124727393794
1826	0.010747176838598755
1827	0.010752493385262104
1828	0.010754701762485358
1829	0.010813195688595378
1830	0.010814940083040242
1831	0.01081783018908596
1832	0.01081783018908596
1833	0.010826290454260382
1834	0.01083496432850742
1835	0.010855609425549282
1836	0.010866639452930977
1837	0.010867559891721223
1838	0.010875613270071345
1839	0.01087757606271214
1840	0.010883661194648892
1841	0.010887119913000157
1842	0.010889982415050256
1843	0.010893163957270744
1844	0.010913908282546467
1845	0.010921547188929837
1846	0.010936245150864424
1847	0.010956035961968506
1848	0.010962862126289896
1849	0.010963855389416185
1850	0.011011524190588
1851	0.0110251218587354
1852	0.011033641737886452
1853	0.011042986235618151
1854	0.011076459948928467
1855	0.011080575481436112
1856	0.011082029597504218
1857	0.01108459042996536
1858	0.01109626387573637
1859	0.011117972522000821
1860	0.01112570222502586
1861	0.01113152289671076
1862	0.011150804903684882
1863	0.011157926375455348
1864	0.011195064314244933
1865	0.011195678675273671
1866	0.011208254190556884
1867	0.011208254190556884
1868	0.011211361826289637
1869	0.011211361826289637
1870	0.011214690365772493
1871	0.011221927196341675
1872	0.011227253003296285
1873	0.011235700334195515
1874	0.011238937538756806
1875	0.01124226476294009
1876	0.011253189992179837
1877	0.01125845162532361
1878	0.011287558194760784
1879	0.011290932379570998
1880	0.011290932379570998
1881	0.011307510159177556
1882	0.011307510159177556
1883	0.011327840615045354
1884	0.01133905198858851
1885	0.011339378510313306
1886	0.011347157705785992
1887	0.011354316932334324
1888	0.011379804787430873
1889	0.011404200103467512
1890	0.011441708001866531
1891	0.011479593372590215
1892	0.011488788012678086
1893	0.011500339473249707
1894	0.011516318595815197
1895	0.01152276650808554
1896	0.011547123841030892
1897	0.011548624896498124
1898	0.011609800773491837
1899	0.011667127238524028
1900	0.011667527972972118
1901	0.011667527972972118
1902	0.011670930768373233
1903	0.011689429755120497
1904	0.011689429755120497
1905	0.011728440049728265
1906	0.011736471573688399
1907	0.011739221950374638
1908	0.011783420089267265
1909	0.011791929825097577
1910	0.011791954714976632
1911	0.01179681520580608
1912	0.011798598984623073
1913	0.011806851231376885
1914	0.011817827296090985
1915	0.011829494156557126
1916	0.011829870033096242
1917	0.011841200108095395
1918	0.011841341984761528
1919	0.011865854920747109
1920	0.011880504745171454
1921	0.011880504745171454
1922	0.011881429249036558
1923	0.011884785063254296
1924	0.0119326936606995
1925	0.011939513725442094
1926	0.011967051307653328
1927	0.01198515302363913
1928	0.012014101422911679
1929	0.01202101227019442
1930	0.012028734929324738
1931	0.012033590652833664
1932	0.012040912922193843
1933	0.012042501816484813
1934	0.01206723630331361
1935	0.012067614055801831
1936	0.012075884274038178
1937	0.012082072752639988
1938	0.012083405562999399
1939	0.012126360253592214
1940	0.012137662913428106
1941	0.01215348661907636
1942	0.01217259824359815
1943	0.012181495803070506
1944	0.012199046274193614
1945	0.012200058442490773
1946	0.012236546122170709
1947	0.012248582122028765
1948	0.012274411839274666
1949	0.012291311565499325
1950	0.012329098101641508
1951	0.012331349196253047
1952	0.012353770922271627
1953	0.01237172300044837
1954	0.01241140108931938
1955	0.01241524888997557
1956	0.01243270513605747
1957	0.01243972061583237
1958	0.012459733745137869
1959	0.012479809293411684
1960	0.012483361286130161
1961	0.012492140769302107
1962	0.012504530778880949
1963	0.012510722001542338
1964	0.012518290498311128
1965	0.012529069119451603
1966	0.012530387264566517
1967	0.012553448609843277
1968	0.01255550914937666
1969	0.012561334085208858
1970	0.012565611365943486
1971	0.012576721512386044
1972	0.012583491725273227
1973	0.012592196829778041
1974	0.012604946489377501
1975	0.012659255981294816
1976	0.012702261294745599
1977	0.012716291165270977
1978	0.012735698645939158
1979	0.012742906458100898
1980	0.012748223091865955
1981	0.012775020704481959
1982	0.012783003872331963
1983	0.012797474321128592
1984	0.012804160612871616
1985	0.012883629341142197
1986	0.012883629341142197
1987	0.012914790590640225
1988	0.012917037198988065
1989	0.0129213883541884
1990	0.012932584969756166
1991	0.01293381030478702
1992	0.012938931060954749
1993	0.012978887972394914
1994	0.01300706903956782
1995	0.013007348884385773
1996	0.01301593919009501
1997	0.013022233640969045
1998	0.013034468535387424
1999	0.01306726780930102
2000	0.013082587091251298
2001	0.013082943781885435
2002	0.013100461823922192
2003	0.013101082588857622
2004	0.013114712349116767
2005	0.013119279286611113
2006	0.013140657251448157
2007	0.013145570698908818
2008	0.013145570698908818
2009	0.01316810863411076
2010	0.013176201652970244
2011	0.013179245691614798
2012	0.013181206811213647
2013	0.013192089902662418
2014	0.013193651579446002
2015	0.01319806110759695
2016	0.013212937788394602
2017	0.013212937788394602
2018	0.013215073249903363
2019	0.01322419857685106
2020	0.013235241780936208
2021	0.013248906256754069
2022	0.013254139277977549
2023	0.013384293817764336
2024	0.013392357522103873
2025	0.013396816338221762
2026	0.013403689827793963
2027	0.0134162102696647
2028	0.013466044111029064
2029	0.013467005086500642
2030	0.01348035385292075
2031	0.013484958286924153
2032	0.013500007259257827
2033	0.013509003701233268
2034	0.013513476310700824
2035	0.013554625631129092
2036	0.013570899491193052
2037	0.013577446372567352
2038	0.013609759439464807
2039	0.013621050253196359
2040	0.013643282339677622
2041	0.013656011862916796
2042	0.013659042316352836
2043	0.013670773569921801
2044	0.013672811890755815
2045	0.013704457413550274
2046	0.013719514896676152
2047	0.013779012809341566
2048	0.013782358470171134
2049	0.013828403559347517
2050	0.013884767192856704
2051	0.013885922799727312
2052	0.013888211727943316
2053	0.013903841087983069
2054	0.013909644603656266
2055	0.013936569197616695
2056	0.01398797340575701
2057	0.013996870543091271
2058	0.014048205045481512
2059	0.014058626141984568
2060	0.014062729535915103
2061	0.014062729535915103
2062	0.014069096097481222
2063	0.014080492072365934
2064	0.014106536250975778
2065	0.014120950569984391
2066	0.01412115168816101
2067	0.014149943604123328
2068	0.014173142382689359
2069	0.014194279305405162
2070	0.01423518011828766
2071	0.014252999438717339
2072	0.014257949537017858
2073	0.014260725507486815
2074	0.014263846080217031
2075	0.014269780832234452
2076	0.014270230446628146
2077	0.014282202701266422
2078	0.014312058272654199
2079	0.014312058272654199
2080	0.014312556235697865
2081	0.014338717690218088
2082	0.014338912232106104
2083	0.014347838373775696
2084	0.014348931806935257
2085	0.014352040273071414
2086	0.014365947584477063
2087	0.014380248711336105
2088	0.014381858850648398
2089	0.014407136634326712
2090	0.014417599869607969
2091	0.014417599869607969
2092	0.01444911298316458
2093	0.014471669495946337
2094	0.014476840988279185
2095	0.014493359617418305
2096	0.014508461152036448
2097	0.014542297789551314
2098	0.014577148726678927
2099	0.014612891910914695
2100	0.014662369419707048
2101	0.014676840668214501
2102	0.014692199903349744
2103	0.014692199903349744
2104	0.014700589818094523
2105	0.014704167096431285
2106	0.014711461790047117
2107	0.014711461790047117
2108	0.014739649724466808
2109	0.01476698171597636
2110	0.014800576238792643
2111	0.014809897805179538
2112	0.014829668674649181
2113	0.014881475363675746
2114	0.014904447993802692
2115	0.014906298702230682
2116	0.014906298702230682
2117	0.014925950053521908
2118	0.014967134829350439
2119	0.014990487116834279
2120	0.014999216146191402
2121	0.015028059688472557
2122	0.015050076843665813
2123	0.015065570019080217
2124	0.015078104821233852
2125	0.015083810294475555
2126	0.015097054149732567
2127	0.015098710839010288
2128	0.015116505548576414
2129	0.015173069201715312
2130	0.015177586435259812
2131	0.015210172451354677
2132	0.015210935605670186
2133	0.015221467898995039
2134	0.015259806060372654
2135	0.015269943189158417
2136	0.015300270749233806
2137	0.015313940870979486
2138	0.015321092682970142
2139	0.015321492257615262
2140	0.015352552393662441
2141	0.015364775592239518
2142	0.01544476950297047
2143	0.015453916558591484
2144	0.01553005563415498
2145	0.015630957392303295
2146	0.01568236235393885
2147	0.01568592394473544
2148	0.015693509008500927
2149	0.015726192832346907
2150	0.01573736143703233
2151	0.015759651582443836
2152	0.01576506672994769
2153	0.01576506672994769
2154	0.015867003560856005
2155	0.015884211846985623
2156	0.015925544888636022
2157	0.015999433989985587
2158	0.016003070986531465
2159	0.01601331727032732
2160	0.01601331727032732
2161	0.016030087616726387
2162	0.01604206722962894
2163	0.01604209319260748
2164	0.01606806584502878
2165	0.01607604509822199
2166	0.016091417339686134
2167	0.016143993867687677
2168	0.016152431550694225
2169	0.016188784574514135
2170	0.016207064539885383
2171	0.016212073340574524
2172	0.01630608211681492
2173	0.016346741081940667
2174	0.016346980883330944
2175	0.016373200847724555
2176	0.01637835431293127
2177	0.016379843344786694
2178	0.016448493487255182
2179	0.016452472762475877
2180	0.016452472762475877
2181	0.016480057918587844
2182	0.016508326444550064
2183	0.01654508996651068
2184	0.01656787524096218
2185	0.016603094079113485
2186	0.016622568995190472
2187	0.01676368098002475
2188	0.01676514503367239
2189	0.016776640068861582
2190	0.016791623060324633
2191	0.016792439370147707
2192	0.016827812989208255
2193	0.016829461369869504
2194	0.01687905308362671
2195	0.016888069546283
2196	0.016912760655790265
2197	0.016915722036018262
2198	0.01691769266181662
2199	0.016925714992282608
2200	0.016987875235000637
2201	0.016987875235000637
2202	0.01702506461074333
2203	0.017028332214274012
2204	0.017052848002612316
2205	0.017074918740655014
2206	0.01707803091694628
2207	0.017133605954389824
2208	0.017145278358778274
2209	0.01714759889897146
2210	0.01717230319438431
2211	0.01717431259177284
2212	0.01718394006041995
2213	0.017202284063460485
2214	0.017221895482205714
2215	0.017232433635445802
2216	0.017244064051150382
2217	0.017245059147474318
2218	0.017261814157265527
2219	0.017325987475460613
2220	0.01735476928685413
2221	0.017369911974442886
2222	0.0173938791820635
2223	0.017425186627402025
2224	0.017426280440762023
2225	0.01743658948876814
2226	0.017439730187132223
2227	0.017454374380080833
2228	0.01748613279144763
2229	0.017526784188776914
2230	0.017556168403155714
2231	0.017587481456990278
2232	0.017598719413649527
2233	0.017601502776753403
2234	0.01764828957718013
2235	0.017675529412152977
2236	0.017679138949612913
2237	0.01770554037583536
2238	0.017779644822103955
2239	0.018033065879100703
2240	0.01806267532786523
2241	0.01806799601504978
2242	0.018212961648227787
2243	0.018238903393578587
2244	0.0182778765178
2245	0.0183322641536716
2246	0.01834226621767366
2247	0.018379070623950302
2248	0.018423169379881043
2249	0.01842461901913632
2250	0.018457568745648086
2251	0.018493681434475603
2252	0.018539168293094013
2253	0.018599058390138493
2254	0.01860191818065894
2255	0.018650002091154687
2256	0.018743000106710678
2257	0.01875910600215329
2258	0.018772069678112263
2259	0.018773491017918833
2260	0.018773491017918833
2261	0.018791824286107667
2262	0.018804567450483537
2263	0.018836864494922743
2264	0.018839810322827187
2265	0.018866344744019815
2266	0.018891748251544025
2267	0.01893240296422929
2268	0.01895972671216893
2269	0.018966397707524587
2270	0.01899148214331759
2271	0.019103595054329757
2272	0.01918564434675214
2273	0.019242580414282198
2274	0.01926588596458597
2275	0.019274374957441047
2276	0.01928994935192295
2277	0.019328440211247938
2278	0.01937732499597255
2279	0.019463781544187975
2280	0.01947883569416214
2281	0.019498915354451175
2282	0.01952168806737565
2283	0.01954635518453689
2284	0.019600316170922175
2285	0.01972061383425317
2286	0.01976533895484699
2287	0.01980666254066998
2288	0.019813687036994685
2289	0.019927239698459186
2290	0.019937835639813935
2291	0.020166765630604978
2292	0.020175075043228654
2293	0.020194240812664754
2294	0.020396729468227532
2295	0.020413239478333463
2296	0.020419193421870645
2297	0.020448924519400946
2298	0.020476314243532173
2299	0.02055879500360304
2300	0.020632009330165426
2301	0.020722498015436765
2302	0.020752380995924767
2303	0.020783874831224406
2304	0.020804611123492772
2305	0.02085823424932591
2306	0.02089069864796223
2307	0.02097764669832619
2308	0.02097835324804084
2309	0.021038559694050534
2310	0.021227030409362857
2311	0.02124933702494622
2312	0.02130875895024972
2313	0.02132304354448114
2314	0.0215599532698937
2315	0.02157518690533151
2316	0.02158518725886165
2317	0.021623961269852176
2318	0.021662051057085876
2319	0.02166866170302804
2320	0.02171758184052834
2321	0.021719192181104734
2322	0.02172922651637548
2323	0.021894590108053967
2324	0.021913375093772752
2325	0.021927334539338428
2326	0.02197025375365183
2327	0.02197025375365183
2328	0.021979168796844854
2329	0.022058722107132136
2330	0.022108251513862393
2331	0.022195517565489587
2332	0.022448425445897154
2333	0.022477721525996034
2334	0.022487560316759327
2335	0.022668946336341318
2336	0.02280058104522844
2337	0.022813712104787345
2338	0.022852920010362376
2339	0.022917608535794342
2340	0.022977228401184054
2341	0.022993883904198854
2342	0.023002675670448603
2343	0.023065418118909584
2344	0.023300678487970235
2345	0.023300678487970235
2346	0.023355390170154845
2347	0.023423781974726582
2348	0.023458174524025995
2349	0.023495876255201293
2350	0.023498741774832556
2351	0.02359642960280069
2352	0.023596792260801577
2353	0.023617871411279846
2354	0.023617871411279846
2355	0.023720519387234528
2356	0.023760862778952594
2357	0.02381703071334159
2358	0.0238546495258148
2359	0.02394334751031812
2360	0.023998235643476123
2361	0.023999051522924274
2362	0.024105786877847705
2363	0.024106342588633426
2364	0.024116968321079568
2365	0.02413632784828701
2366	0.02414950568852743
2367	0.024201111586041654
2368	0.024240034426534808
2369	0.024332514255618175
2370	0.02434572997467859
2371	0.024386005761498037
2372	0.024386005761498037
2373	0.02445404925569039
2374	0.024632086594522942
2375	0.024645688649339404
2376	0.024647336671534844
2377	0.024842661793776512
2378	0.024844854215720864
2379	0.024848917743031593
2380	0.02489612841387422
2381	0.02493876839381004
2382	0.024987018469600917
2383	0.02505381380149393
2384	0.025285933836819114
2385	0.025408524022470427
2386	0.02549759833788629
2387	0.025506674675464896
2388	0.025586305340947742
2389	0.02562641139527111
2390	0.025646346328472562
2391	0.025703518552912197
2392	0.02572984922224882
2393	0.02573743439038715
2394	0.025748439195415633
2395	0.02585089068098048
2396	0.02585614791495073
2397	0.025952041384056324
2398	0.026033647938771703
2399	0.026033647938771703
2400	0.026065709274829197
2401	0.02610385737778617
2402	0.026123675162570085
2403	0.026265212601458327
2404	0.026278151856627446
2405	0.026386650033681583
2406	0.02641480321713903
2407	0.02648343265136783
2408	0.02650016499949028
2409	0.026501597574483345
2410	0.026548717181817155
2411	0.026646305428704192
2412	0.026672591718843387
2413	0.02671777500091887
2414	0.0267791134281863
2415	0.026871759748852052
2416	0.026919414926767724
2417	0.027048111948903913
2418	0.02709549669226131
2419	0.02719114918498768
2420	0.02721259267324225
2421	0.027363640876167966
2422	0.027448806786461256
2423	0.02759835509591154
2424	0.027666091592413507
2425	0.027736971572259003
2426	0.027792903644634957
2427	0.027837496798381923
2428	0.02792895046363086
2429	0.027940004026488892
2430	0.027957122831220677
2431	0.02797812734977723
2432	0.028208860753322056
2433	0.02822982297146077
2434	0.02822982297146077
2435	0.02843033534800836
2436	0.028493641834623672
2437	0.02879393271159358
2438	0.029050737856387104
2439	0.029279726911299805
2440	0.029279726911299805
2441	0.029308574888594018
2442	0.02934696066034218
2443	0.02934696066034218
2444	0.029612110039637013
2445	0.02967539932334872
2446	0.029696075582475164
2447	0.029839296054029366
2448	0.029948261051352846
2449	0.030039823052074352
2450	0.030100344001357127
2451	0.030251951094106482
2452	0.030251951094106482
2453	0.030266971916590207
2454	0.030293624164169298
2455	0.03031170574216939
2456	0.030424667376977136
2457	0.03051649104992413
2458	0.03053388683085599
2459	0.030630626650463337
2460	0.030768066075072237
2461	0.030791667704094295
2462	0.030811627155990954
2463	0.030976864657349064
2464	0.031037344892885586
2465	0.03105988333847921
2466	0.031183457553647324
2467	0.031222240822852906
2468	0.03127249547125712
2469	0.03139941924622196
2470	0.0314199341183278
2471	0.03143434728127262
2472	0.03153481939064018
2473	0.03157651142860347
2474	0.031861160587780026
2475	0.031911948671304084
2476	0.03192841832913425
2477	0.03209632617605904
2478	0.03211035404662973
2479	0.03226453771557907
2480	0.032528483180144646
2481	0.03253165037314437
2482	0.03253453285356805
2483	0.03261082324934328
2484	0.0327041460980163
2485	0.032721379815039496
2486	0.0328162924322657
2487	0.03290486111504284
2488	0.033175047927617884
2489	0.033175047927617884
2490	0.033532642603884596
2491	0.03376595647986462
2492	0.03377140069645026
2493	0.03385102398746608
2494	0.033872054514008695
2495	0.034145436737586035
2496	0.0343715680759466
2497	0.03465619593955333
2498	0.034950883393702864
2499	0.03511700529658305
2500	0.035328736235531046
2501	0.0359249761725769
2502	0.03608645558931172
2503	0.03608645558931172
2504	0.03630939653863245
2505	0.03630939653863245
2506	0.036409750960423246
2507	0.036510990482317617
2508	0.036702623584690446
2509	0.03671920184318197
2510	0.03699307702800806
2511	0.037116303318092396
2512	0.03723464812510345
2513	0.03731797632509909
2514	0.037522129683692416
2515	0.03766662249259872
2516	0.03766662249259872
2517	0.037688463831785333
2518	0.03790581406592543
2519	0.03808442542562507
2520	0.03836577375735001
2521	0.03846685650011549
2522	0.038884900527069804
2523	0.03906609919098536
2524	0.039289660650099964
2525	0.03942996081661713
2526	0.03952259024912072
2527	0.03978346371295415
2528	0.039867652614623314
2529	0.040022587247698665
2530	0.04045025865182455
2531	0.04058208654073943
2532	0.04059101941316542
2533	0.04073993658561029
2534	0.0407820774605714
2535	0.04093141503784225
2536	0.04129325816643226
2537	0.04135666052765809
2538	0.04195354737087187
2539	0.04217651006187667
2540	0.04230338279618413
2541	0.042313773502255625
2542	0.042541681642828275
2543	0.04269193799770555
2544	0.042959424030123754
2545	0.04302007450017233
2546	0.043196165396946755
2547	0.04357417773176131
2548	0.04382161133505046
2549	0.04392364799285069
2550	0.04405589669952556
2551	0.044207613789931655
2552	0.04452140215671988
2553	0.04514400727671067
2554	0.04525000464088254
2555	0.04617928109011766
2556	0.04640294553150341
2557	0.047254159954450224
2558	0.04765661937233995
2559	0.04772131180091299
2560	0.04808648978663797
2561	0.04843539244189432
2562	0.04860294569261744
2563	0.04954082987799548
2564	0.04991155891174466
2565	0.04993742456314619
2566	0.0507436270382823
2567	0.05078908753856537
2568	0.05083775976574245
2569	0.0510706815697722
2570	0.051134560064610896
2571	0.05138485314759367
2572	0.05231067311744752
2573	0.052317069575815264
2574	0.052777917086597195
2575	0.0529137258941377
2576	0.052946548027230686
2577	0.05335743533004733
2578	0.05336837645085196
2579	0.053620730179659716
2580	0.05380333615121663
2581	0.05507157589900981
2582	0.05528234323904937
2583	0.0553805500604663
2584	0.05611456553338772
2585	0.05709973204840991
2586	0.05807932893895999
2587	0.059405991053087054
2588	0.05945623277672988
2589	0.05999250866566452
2590	0.060367416708030856
2591	0.06111298402958888
2592	0.06206782022916543
2593	0.06257072192328289
2594	0.06527372178756631
2595	0.06915739585900896
2596	0.07165330183599732
2597	0.07473990142487098
2598	0.07504511371835013
2599	0.07723777755736037
2600	0.07740823344451231
2601	0.07953377738420694
2602	0.08438840589204191
2603	0.08719679609939611
2604	0.08904335673142534
2605	0.08985110508502708
2606	0.09512373685889952
2607	0.10265514181472053
2608	0.10330709571950172
2609	0.10726165057931601
2610	0.10898115875691834
2611	0.1096644923573776
2612	0.10979969458062941
2613	0.12078631423303421
2614	0.13798281414726832
2615	0.13826232264792895
2616	0.1410569994186826
2617	0.15021685812518418
2618	0.1505417250366147
2619	0.15530380009838682
2620	0.15567836209634292
2621	0.1651069035534216
2622	0.16560922009658396
2623	0.17604439900491312
2624	0.18135757579159353
2625	0.18409333252456378
2626	0.18528319975918564
2627	0.1874105416725492
2628	0.18926562557685966
2629	0.21502812452793837
2630	0.26364409581099396
2631	0.2675022681025306
2632	0.270304337416187
2633	0.3325595556783681
2634	0.3363133362149035
2635	0.3513834224803364
2636	0.3532187578045564
2637	0.36118886242657383
2638	0.37226075969674804